54539
24500
51542
42099
61568
28886
7427
12238
62706
3859
36018
66120
28088
35604
55078
23334
37538
59395
5138
45694
66275
45886
2154
48867
66113
33441
38238
9677
19867
29551
37485
38779
33769
44568
24119
29010
63243
1865
67423
7685
8243
37071
15195
18837
65231
15171
26207
42767
19274
19742
25804
32334
27053
42630
61263
55974
66773
19716
28110
3843
47719
66891
48251
21702
33107
4929
4930
22181
55326
36370
20930
32827
12291
34941
32909
20092
28487
65131
11667
34405
31949
45969
13312
19565
28510
37953
49539
26314
59817
19540
31980
51519
12825
18754
64888
23267
58286
14304
39567
24061
39994
25547
46775
59408
28570
28073
11544
66059
64355
65788
43891
21955
18842
32335
43437
42112
14224
42120
49462
10640
54484
48676
62788
25758
63623
55365
19559
53858
39662
3190
1861
63242
68961
26206
48539
58515
29436
66153
41164
53570
12449
50252
3951
46262
67304
9270
2749
22899
40415
19174
53454
13994
51909
66234
8991
13657
35110
28123
52393
61533
10558
54468
21025
29639
59049
18382
57031
30758
3614
53659
69446
429
4379
66414
16266
21327
34054
53235
44631
59942
33930
14427
15131
6943
63227
45706
22739
49017
19145
47120
15322
31019
68309
49237
16194
46277
20918
18434
58569
47215
2579
33655
58381
2334
38589
43563
65761
54857
13558
61869
4142
34759
55145
1322
34575
39747
22274
19014
50914
2302
58669
63473
67239
7557
67192
43621
31731
69190
22872
30006
32860
40131
56418
13455
23213
17751
34239
56702
10879
50258
57563
55888
659
10626
33968
17214
43989
17750
20623
60036
40335
38725
22430
16774
68481
38823
46311
29144
37113
41219
8400
56210
42387
44295
67450
36129
29967
23295
65169
44893
45206
62470
61043
67630
65266
60363
2834
31128
59492
28260
65826
49601
8062
63923
33242
28597
30838
8976
32915
52519
46142
23838
51907
68244
64884
54282
23433
31503
12355
44839
60570
762
1563
64148
48878
26493
23404
2708
62816
52648
35190
6197
1878
12762
37647
61870
28561
1172
30960
45533
35404
25956
1529
43782
39083
57868
7380
36477
8082
6803
26658
41104
23519
46973
46971
4691
65166
51671
22929
10207
40917
51518
65195
45197
48118
11854
7784
3023
14494
37325
9250
49592
33356
44760
18134
13810
63433
41738
20934
39457
7027
12618
59982
11358
24838
12066
26745
33628
34152
5567
55747
56416
43008
35143
23845
55018
6848
5223
21965
34973
45998
50716
48733
54585
24638
61204
53867
27904
19491
43575
40752
15404
23149
3164
35078
51642
1481
20254
48285
40760
66756
61088
23552
53
60883
51630
23798
67565
59195
53137
46074
33660
40969
41611
68949
63703
47991
24063
21000
64930
2545
19040
25306
2919
12588
60573
3295
44979
38711
66929
33643
8433
30031
9617
20898
63337
58285
34
2055
49482
15082
12616
67883
65361
67066
48821
13647
8977
15762
50077
64138
23763
23083
4143
29074
26259
4357
25417
7934
21869
63581
44784
11495
57614
55228
55706
45209
43286
52647
67890
1716
38657
45791
58398
42901
52033
58012
37480
46428
39050
37646
68486
17363
50078
6937
34341
30359
51150
9061
14331
40928
23459
13950
27724
67358
22717
18470
59272
35622
43195
25909
1459
56393
51691
19863
68199
19013
41812
26592
36126
68518
26955
15533
53862
67566
20676
69049
36702
52242
2325
9969
8052
33034
8646
49137
18942
65449
65883
40950
1296
13823
24547
44828
5906
62703
65232
48714
66906
52293
36703
46528
63399
3014
47487
36273
43463
55339
36804
4174
15908
68172
38933
42835
1942
59323
52413
43462
66069
32406
38046
67633
31474
59119
42008
4641
10438
69533
18250
69406
12331
31315
22281
20039
61324
35142
16132
1917
15345
34272
62433
63347
474
6553
65275
53386
22405
16500
20085
36157
11446
63706
60351
56128
7711
15706
48142
13796
31652
44461
1209
50430
53435
4547
11510
12435
60511
49187
35980
60711
62672
41009
49340
22709
49866
1882
42090
43586
141
25787
5402
19199
21042
51706
51771
40607
37743
36973
11113
18302
18623
46640
33606
44227
22962
12129
52741
33888
52931
8559
45853
15809
33856
15843
68478
15914
49519
41610
63843
20988
63432
24555
47027
29310
15526
27897
45383
22961
67574
16083
47762
48884
60638
8072
23683
53668
62457
10281
51827
20820
7662
12603
60859
69762
40951
21159
17960
15964
66911
28197
49337
66639
12776
5875
38907
24959
17141
25614
7401
40344
43097
34183
15419
28626
63127
36356
23561
15057
52103
22438
39820
52540
7564
43580
44680
61580
1898
34821
19017
57901
14398
44859
63359
50529
52410
9453
69421
68654
12847
51965
52270
12691
53027
44364
48139
55231
42956
49175
11889
57929
49438
3861
54211
10931
23751
23649
58690
22657
55799
19078
2681
23848
30524
56963
42062
39801
7689
7070
31874
41739
59331
60903
13015
12971
2236
32313
58062
3259
13941
4191
23135
10731
51056
20455
34279
4593
53569
64330
65157
66221
26095
45964
29779
24034
55019
40258
57385
16669
53023
61255
47406
18144
8090
23742
7967
65748
51011
16629
40259
22205
11297
38851
68109
23238
69191
53066
42816
60339
69108
34534
32453
68212
22268
31145
56394
27898
32310
60006
52805
36686
54003
2938
52434
21339
12830
13755
37200
55217
48735
24926
34381
2481
62202
13225
6702
17459
63953
29025
68354
24410
26379
15785
15413
38178
13449
52264
68497
16785
40384
42720
65513
50733
63287
11321
13282
35902
45453
2165
47495
33625
36295
57656
12252
9529
45705
25051
17277
47348
13441
68960
54806
68229
37411
24480
29482
43363
60962
51555
23777
52390
14362
54004
34311
39138
30179
54045
1268
65483
39599
51871
2110
10425
7116
35234
49538
60191
38257
34450
8074
29143
50163
30839
28582
37053
30032
44565
28171
34852
68991
32021
54826
34382
48791
39661
51229
47648
16053
24202
12688
38833
32452
29140
51874
10307
25495
42749
46635
64697
35170
35923
47124
35709
38330
15571
15095
8002
30763
57237
57453
61242
33941
43151
57558
37827
68743
30679
62095
34343
62151
31493
59045
507
14147
67456
6884
915
8347
46347
5062
40833
23699
31181
22182
45094
19259
9221
3385
32081
51502
26902
35485
49006
52093
14231
63383
45339
44623
18492
53198
12831
1145
5558
25961
22483
62681
5222
27101
32082
19795
54790
40512
60927
6941
58726
11586
63766
28122
37448
10692
572
39348
29179
44995
66857
18845
53866
48621
27152
31518
63845
37877
13991
41011
879
49390
13945
36358
46181
20179
37987
52320
36734
63922
61946
68318
10097
23113
8853
7115
59320
27567
6331
35102
18432
19737
32495
7069
28189
45525
52747
68694
33547
65403
48195
27842
55537
63519
23254
32439
22527
3287
58189
31469
63506
52491
42296
15582
49426
36029
63742
59363
21897
1452
52186
49655
51712
45642
29406
21393
38980
53571
49575
54672
27837
65402
25584
42018
60354
34155
16184
15411
46310
58105
8870
31862
60951
66821
6235
12535
23077
53791
31405
68746
2983
57501
49320
22568
59576
7402
35621
3982
58493
27993
3681
1210
19818
42997
34943
33567
6211
6850
24503
13874
28161
53930
37040
65095
13251
19623
60963
38515
12359
25093
13176
50884
67939
26903
24436
29473
25122
16485
26813
43101
27634
56861
69819
15672
43749
60266
50074
65350
53428
28851
45647
38935
54399
37327
43487
13633
5692
17173
16630
46909
21003
58886
51665
32238
56059
58646
14933
14817
58983
7469
1350
14285
29366
18771
29439
58748
45797
8503
56743
68655
4695
39045
33452
13234
60441
50807
38411
50380
32617
40057
67710
13105
16143
38978
25715
6108
39778
53001
33538
46523
55869
4332
30327
49192
94
10125
33129
55781
45854
20555
21817
44770
11511
21415
6247
55068
44343
50278
4175
43611
33589
69610
7349
37685
12242
15418
66023
15081
35184
1394
17597
28905
64454
17229
59999
42289
26974
58088
68180
23526
30258
67377
61928
5657
1537
2724
44342
42139
19203
38490
1876
23660
13940
21616
9286
15787
23091
878
45367
26859
34619
53536
23130
7154
54120
3013
325
29120
45637
35015
24869
69314
14829
33641
16380
33497
20297
28802
21597
29642
21814
65229
69352
59927
11943
55491
16746
5904
44044
4908
16325
27974
54281
69534
48911
33652
55476
14339
45461
18430
36737
19041
68975
69582
37269
26797
41122
36941
59570
69328
17487
17455
69307
33358
18040
27019
28581
58650
66102
23379
61871
65289
3957
40263
8314
1794
9400
46842
68283
63144
29895
68747
60889
63925
62461
3809
7431
32918
58506
51099
53083
13233
9467
49818
20543
22581
31131
19782
51631
14858
12030
46944
33657
47586
60487
4267
24775
22715
63388
51507
59994
2298
43079
59203
42917
68443
42245
21030
52006
15990
24432
21436
37934
28738
66658
11599
43270
52852
41442
24618
35134
44870
38928
20037
2155
37086
21204
46956
41871
15118
26728
37007
40068
16657
33609
65510
32813
22958
12070
46037
11237
19262
13634
8543
3126
30692
12223
51161
1594
14409
39659
31439
64716
45451
37999
21223
50815
53662
37579
39990
55316
29207
529
13646
51643
32867
18819
37155
68595
69274
584
55347
21966
49425
38517
14441
63166
9663
52785
57032
35056
30294
61200
16841
33221
27433
57043
54379
23335
26093
59748
7313
33539
31266
50759
35655
16294
58295
26004
2337
34121
3051
60182
55600
15456
49956
58620
36161
29643
3374
69158
68049
57506
30905
59394
8063
6552
59439
2822
11683
43247
59962
54538
55707
31725
66651
21057
60813
58370
39777
66510
50919
43638
18869
49321
12163
2411
14105
21553
18299
49493
49307
24066
58460
4698
1310
44198
22462
25404
59117
12998
22550
59809
571
45444
39831
40477
1559
26816
61786
27153
44083
42578
10408
12480
3858
26650
60196
32251
687
27271
29337
52431
5409
56477
55756
3077
35093
9541
5011
46464
63062
25425
2893
1159
39669
59593
20615
37068
36659
63058
14031
18801
6685
28953
7589
7646
67247
32374
65008
30317
35775
27501
40907
48802
62782
5010
23498
58767
38047
14866
1920
13040
27178
1267
5803
29547
59653
3563
8431
19833
48464
19529
50870
30655
19946
66645
52642
27843
53139
67719
60214
61115
44349
24786
57055
38682
41048
20899
13952
2054
3386
67236
29338
31161
49883
48747
30693
13684
26011
28954
38489
6665
62154
34342
62598
42676
41745
46659
65873
50301
66664
40239
12074
16634
52592
38389
37882
55607
39641
3880
33067
45707
60798
11661
15338
16729
61959
21520
21002
5837
6148
69199
60595
24639
2498
9573
1595
12728
43053
16179
6043
69440
66699
61203
66373
13608
52518
50930
37323
30450
67416
41671
47812
4555
497
13868
3846
30451
19001
18165
11151
56875
61908
14016
30771
45356
3985
46252
61611
47263
46543
47912
23365
16144
22088
10202
58071
57121
34724
5957
5087
45932
22183
39759
52166
67579
69729
5854
36735
65001
43615
48293
8949
68594
5395
59926
13366
37986
17458
29610
35342
5403
22570
4631
37862
39448
66013
49442
46774
43834
29177
14576
65238
26365
19462
69609
30817
66508
45581
56072
41859
49429
14737
14205
32987
6821
61187
48218
13367
45499
58077
15066
35254
620
3964
15181
25784
50134
41085
17454
31809
40357
4554
14375
64683
51761
46812
40871
22737
20966
14387
68406
26492
52906
18450
5361
5243
29166
24837
36085
32480
35467
14923
9531
53768
11021
21981
19625
64167
7219
5946
6102
17233
49373
33435
32346
31633
23134
63930
9062
45557
17310
37825
12481
22348
29414
22561
261
60207
24451
6104
6782
55527
66050
51903
14927
33761
12110
28444
47206
30007
26701
34134
26293
48393
35065
49333
64849
66768
25948
28540
22977
8874
51906
50420
17451
32705
18383
63263
53438
58970
23510
46785
64543
5566
67039
8723
43070
10842
53856
38458
17491
60647
38067
4855
10729
15786
32485
59297
67797
31680
69730
54043
1921
68999
66890
56179
43018
65803
48255
37045
27437
1173
36736
44891
10237
32256
35255
42275
39115
12131
36937
14989
21165
45464
6786
51075
22655
16402
16927
21848
49828
12835
18155
28136
36967
67269
56920
47664
34788
13520
65957
44294
5726
66542
30656
4123
5907
63138
60591
67238
10384
21549
27448
10239
55512
22526
33595
65554
29119
31833
22887
8167
32377
15049
46171
62098
34078
38905
4228
46093
42694
63291
12023
31223
52411
63270
65291
61214
48025
60230
19610
47918
36359
11301
37153
38111
33444
45198
64553
36461
57261
61855
61698
20599
12934
24535
68901
11209
21500
65795
6911
17331
22083
14146
41746
6905
796
34129
53177
8856
13260
15816
19184
64536
25880
1208
20484
41448
4185
15079
339
56873
28639
64606
22654
62422
35239
3103
36342
46713
18489
28608
43637
7407
51251
38981
4629
34056
30653
58214
67341
48304
25470
3886
24832
60967
26517
40129
17246
69271
11158
50928
21448
59571
24062
67568
4638
27154
67141
29180
32873
14533
56872
17098
59118
24057
38666
34246
17592
25023
20327
8282
62462
22681
32051
6785
38457
49330
26899
22295
7778
6068
65401
34310
14106
62471
21837
62286
55086
12284
26345
9546
55381
25031
11886
4177
67491
24487
1318
37146
38774
11267
65063
20954
51842
56355
56751
31402
36590
62145
6987
26838
15977
6271
60286
58108
7182
17581
32687
40926
2709
26882
53463
13621
66637
68224
63707
3529
24734
52639
28434
34501
64442
7927
37956
53006
20614
64682
5102
59140
60637
46003
10304
61810
51344
62225
13951
2546
62603
61905
46011
21969
17150
39080
39979
26627
48254
30494
29780
48394
35341
2133
54251
29942
56960
32803
8837
18551
36502
68710
20717
3177
15342
28827
10350
34961
54418
43967
26238
9090
5852
4852
3056
55040
26469
26516
4802
61616
31873
6550
27330
39823
20573
8766
66387
22324
65041
227
24486
39769
36987
1890
20159
22562
56029
47693
9510
46055
35073
56484
44621
16423
64134
21218
50724
6154
62760
14839
66000
50281
4938
44129
9211
42562
35370
15559
11922
2608
21870
12448
65694
18114
49170
18973
21235
41178
39977
51634
1883
42783
52075
10678
33573
51487
40437
27605
15275
25050
20319
13344
62051
66791
54205
33128
19426
34666
11795
30750
43439
2346
12532
29057
39414
22878
67889
57633
63392
11408
9008
48096
20941
38042
69764
47316
44875
15969
11281
67252
25555
2484
14107
60579
58418
52395
33945
32710
54117
20983
67882
68373
24488
57552
57130
34130
16957
49190
34529
54593
36022
28569
58538
16769
26818
27358
5929
34891
22086
38376
11302
34866
38837
36458
1610
54954
63959
51319
38681
6109
3415
46950
9213
44854
2897
29191
9199
45228
57051
69223
42327
29107
53081
22629
52693
30424
54937
33249
49436
22413
39498
67575
3181
3607
12515
54577
56235
2514
51347
61042
6767
64307
69621
62201
20978
60608
47830
40236
53422
18215
29055
57463
25469
38637
11003
8179
54727
57389
38388
63601
55839
7998
58153
51709
33863
60028
41497
56508
2616
12293
30710
11580
56970
46200
14560
65553
65523
52869
69330
53583
59605
49881
35894
7939
51774
37231
274
6660
44159
3187
41647
49070
7632
27034
66511
38699
20414
58789
37335
5357
9637
59475
28151
40027
10063
20690
42751
50309
5635
22179
23337
42994
34446
52725
18406
32055
35422
27047
37680
43561
39791
46053
24951
53762
20681
21206
35901
22501
50530
26940
47115
5074
46997
45684
10283
12674
39262
6841
8325
8131
345
20406
39618
3515
68320
4534
52143
55901
57097
7966
62581
38904
25411
48405
26117
183
62863
10828
16422
66051
6037
41176
25682
36582
36983
9863
64530
36974
66300
44263
30924
30627
37391
32438
15707
4954
12253
41821
32138
6810
66210
51149
17646
62724
57702
37702
54313
36982
43775
24989
62814
56806
16192
76
26136
14345
54401
35713
37012
20121
30702
2855
66186
31837
55936
26271
16763
44566
13689
25928
18824
65391
10247
6066
5786
62412
18
17140
7542
41586
3953
18552
30144
62419
49806
743
16744
471
28276
43553
9445
23955
65573
13819
45885
55050
41797
46054
7412
64532
8526
44838
21539
58399
57970
44291
56413
37964
31153
32721
35349
38258
1411
19179
50266
6199
46645
60143
60773
63590
51195
45781
14155
11995
36343
34592
54719
8875
41585
29206
51381
47530
27882
11994
55544
21562
23115
48395
19510
27359
65155
47261
11807
46373
34346
6811
18278
9091
23133
60108
51253
33890
34257
430
36822
27337
38379
35623
27522
66138
22225
63491
38393
21548
58759
26382
57070
23321
59955
66847
60142
10660
44818
4953
44501
1999
39264
38081
65165
32537
8948
7739
36691
2715
8445
37988
31947
60486
27267
50361
21129
21111
48130
45357
63479
53242
2083
28906
59209
52294
35960
53999
21058
40839
59954
9320
29211
7597
24606
11255
47863
28433
7344
19391
46331
68315
49985
17600
21872
68372
31776
14750
24205
55605
20754
46056
1175
2335
68545
54400
37952
42677
60560
68235
43493
46346
52261
63767
3441
25490
61754
47531
64229
36421
14782
30949
61474
7864
3102
46644
48219
49693
9370
64376
29973
37131
3141
7858
31394
17711
40712
41517
29046
12325
37046
55875
22981
61186
62779
36589
18733
43677
56866
18941
9362
66250
2024
17166
48248
46814
27447
31196
56514
19746
7430
61015
25628
68225
8995
14276
57299
8558
63340
28162
21255
50950
34182
56173
32146
24974
23796
37287
32869
4983
25743
22163
63081
66543
60058
5063
61811
43181
68748
55162
59298
41345
36456
15396
64314
20546
51805
46442
67798
61576
68742
26137
8163
69643
39439
36239
37993
28065
20103
53861
3671
45277
30948
59833
59608
57795
54398
1553
2848
60856
31040
15337
14058
18839
69009
59827
68741
64001
50735
39459
9376
64319
17190
7907
42038
57578
27713
49656
39206
47214
13740
53896
43017
64455
51652
67246
59944
29045
50671
54258
8539
66807
28688
22703
48392
33864
31814
67841
765
12474
42510
65888
27510
69333
67761
61392
62890
41262
56532
2853
64315
44014
57974
65802
58301
45656
36386
29220
30654
7158
60907
45783
6938
42626
69277
36738
51913
55757
69838
6219
26092
3024
11675
9068
2333
49189
53370
18298
59786
60315
31569
13306
18471
10525
66894
18279
51279
59142
11695
38215
8966
69818
7695
69633
64204
27524
45252
11842
36598
46099
39499
67891
66570
4186
9959
37783
9274
16486
4837
61285
45417
5532
9386
62630
34079
26335
61985
65503
23237
33706
18725
4893
31770
53168
51109
68755
21178
1110
13041
27608
60388
42746
7011
20848
10819
49053
56549
7323
43094
34201
48538
40901
2583
35769
56340
41377
38518
3698
15499
9631
12081
18214
40601
33332
46689
65812
31147
58014
57858
46538
11518
30923
54615
62496
32169
59487
54646
50997
14818
34148
37311
13679
51629
40201
47663
19758
46651
65497
39875
52739
43269
11635
44138
8554
6478
32112
29037
55849
2651
12502
7188
4254
37128
44155
29237
17435
48889
59102
60793
15798
65899
40048
36963
32336
36306
59644
28388
65555
65677
61103
23098
27867
55710
65872
18035
32461
53800
32170
40273
24171
51847
6012
68904
9092
19676
32147
35563
55825
67724
62538
28241
11575
35852
17191
35153
51370
41434
30382
54832
59237
16487
47251
35946
1899
1833
54645
17391
18374
59198
845
69666
64010
67799
47162
49986
59989
20635
44554
35141
25546
10917
56446
47278
31919
42259
9915
19445
42254
31238
36981
49338
17567
34686
2566
4027
30463
39771
3602
32564
30169
42579
58215
31929
14819
8426
9589
14718
41321
69162
31179
52924
29117
16635
46098
37495
67206
54664
59304
10734
65002
8928
54987
63397
13726
25521
12222
40762
69407
58019
58202
22692
50492
15716
43751
30189
40476
1568
9222
35206
27721
52305
68935
51554
14639
57521
59092
44112
41376
45326
65639
44927
68810
62707
470
48974
32826
28354
26833
32720
14125
35654
59978
49694
2477
5362
26875
37069
4068
60873
38987
1024
31268
19318
18838
27881
43469
3935
40330
68485
46686
40054
22853
20782
48910
9630
24990
29591
43029
37378
60534
23206
26839
33521
68206
32375
62531
8759
14919
52097
45946
54941
33126
43139
16546
46243
2550
24617
62144
55110
20598
55406
55069
3443
63371
28750
23132
28163
43250
35037
68653
51659
63478
63801
57045
28199
3929
9023
66117
12620
4180
3471
49974
58303
67207
8337
1801
68197
53101
42089
52126
29386
13993
48144
41895
4339
1083
22048
27539
27645
44293
43931
28519
32211
18320
50097
51277
19797
41240
3860
14606
4402
4642
35013
39026
63591
46776
34173
34324
26900
47964
17076
60190
2821
46514
17415
58179
2473
43025
28977
5983
17089
34207
30906
5541
25702
41050
54174
9466
22938
45302
63059
16628
8483
41557
6446
54480
37230
68127
6347
57120
46259
11573
53778
38796
12333
18770
54096
65572
48234
55750
53755
28089
55829
14458
37539
6807
55982
42693
12194
58574
12824
65267
66475
13624
7447
27791
33989
59310
69590
58848
43049
44559
58981
24778
46060
47995
5476
3574
19626
43417
45734
66481
50960
9040
58793
5007
47053
27944
60676
11721
36739
58246
26494
46427
64759
13099
54892
4189
19258
34101
34540
37663
4007
31151
68200
16853
20744
52098
57378
3782
36094
50684
20554
8564
43446
37199
18765
41800
35133
41641
30392
6652
25612
60066
52781
51003
38210
53475
63668
36849
51278
38177
40564
12930
55346
11739
36324
41775
27269
19298
58327
5981
59014
10031
53293
60598
27331
31714
52776
20106
23667
17143
62235
48066
51317
21019
19554
19845
60300
14861
24241
23205
9974
16195
1715
39354
56601
25440
28751
44197
4505
66251
64745
55023
47714
24259
56962
47486
68941
58590
68044
33806
17583
47163
60129
53873
16699
64284
30765
53863
9242
31248
47398
23200
40103
62982
18982
9641
50513
53553
25458
34890
22645
53990
45304
40091
26083
17384
42644
32014
67953
52695
32998
60044
14694
40134
48659
29920
10452
41139
28369
2801
21319
25354
34163
34082
8461
20849
1526
37688
13880
30448
13582
751
44926
30431
7973
50169
52207
15874
52262
42187
41441
15258
66486
45936
29745
32951
16911
11503
50151
51152
35904
58556
42944
68820
63428
500
42428
43324
68188
58284
20728
19616
13972
63892
24675
2578
10648
29209
22499
28359
28011
39549
52840
6171
56847
21636
56053
40701
36513
5874
17913
12068
34926
19148
68468
48534
18887
5752
31327
49211
60837
66322
21815
44389
64570
15041
33066
32018
41059
64945
48562
69644
7830
33434
35122
6638
56314
11137
68950
39647
2763
49487
9878
22725
2166
3174
11923
6766
64041
6101
7738
23099
50760
58557
15556
64232
28196
48047
55889
58063
36407
21338
48849
26298
17802
6191
36093
68951
21743
50314
47741
9530
66880
7802
5457
27227
67110
23131
62726
69846
59461
26798
22906
33919
59530
44008
979
64131
67470
29340
37430
30125
50437
45892
50854
36179
23423
51755
59312
8356
34154
23648
24694
46258
62517
15143
55382
12469
59619
12711
3191
53082
46919
11022
24133
12690
53606
59362
50122
60007
52429
49435
20766
45245
8952
48753
49061
46242
39701
62778
955
60594
25513
67989
47819
8127
68937
35818
13790
59138
67578
56377
17866
33351
5288
52421
48015
49305
13157
22447
18870
68086
7599
30669
61522
24244
4546
54229
20407
34988
50512
43285
53702
49331
6710
7200
64176
12862
54164
58321
29499
58971
69266
41143
62153
48143
29125
5663
64542
21617
67258
10577
33515
8940
45078
49447
25517
50215
43667
17092
42258
29999
46097
4706
33932
48244
20575
28401
31946
15438
38685
3962
51759
39726
39771
45429
34963
631
22723
42017
51952
55745
59690
44837
10127
42238
65998
61658
49139
18493
44849
62035
43545
3796
35574
59609
2522
11592
2854
50570
4597
27007
16606
69591
18851
30333
43886
56777
46274
26691
15130
750
40267
63999
1667
24598
45782
66870
58678
68177
33485
43903
26629
29695
42487
21033
67637
64250
29139
8937
30764
47023
749
35135
43762
59531
61915
34770
16343
11898
21130
45511
25305
5727
10116
57604
17647
20326
69034
11124
34847
7302
26559
38203
69302
12151
51982
63921
61260
52740
20350
66471
24128
9241
34165
36499
8757
23338
34500
2405
16697
24969
40627
62275
55807
21824
49081
34593
20086
54413
114
50135
46443
45524
8200
35583
37251
12072
1151
40735
31385
9255
19660
68745
18329
51934
33046
1226
54568
32105
27005
54699
62414
3125
64194
39727
58377
61914
25436
43228
69404
4916
51440
42780
13104
40293
34668
36692
62448
16228
52796
60532
47324
23876
28024
54652
9792
3936
37446
45285
66386
64518
1320
23467
16753
44160
52951
8758
21062
63741
6234
60269
12861
2737
40355
45876
7215
13286
24294
8690
28761
48617
23790
17762
3341
66187
4529
69131
64973
13705
61994
7631
61231
6565
38294
27653
25903
37942
49434
44329
4290
27260
1150
59789
33933
1535
62155
1793
12381
56431
20305
21775
23380
1527
20435
66276
20679
10463
45573
46088
61513
14638
58710
33727
58641
15219
64416
29923
10073
31954
43138
7018
36293
40132
4403
23716
13760
67675
40023
10907
30695
26768
45283
43083
36156
3597
4037
16123
25674
38638
23399
37567
24267
9140
23212
29794
37087
39630
32917
7183
54607
31195
68695
68924
32486
54789
46949
67640
62854
46445
68126
33240
40186
63595
38468
11395
17761
27161
9317
7286
55095
35863
10245
46607
39576
42519
17334
4538
8317
47965
35892
4292
60370
11929
20683
23470
44153
4258
5129
31378
49811
26005
6582
26351
51954
32230
35939
29521
27102
49306
60653
40266
55375
57758
13765
14013
63218
43276
46141
59167
67529
56026
53881
27718
54277
44369
59577
29513
33726
50438
376
63477
26702
24898
26490
40486
37818
393
37810
64740
22427
37470
34729
57963
2031
58106
61697
20515
47595
51826
57690
51045
22876
29957
7019
48660
30766
17733
8771
8941
30757
32767
29081
61537
57778
4224
35658
45362
18019
26060
35149
39749
978
65101
1363
1135
64739
65552
42646
653
2867
63464
68403
52430
2517
50929
13044
9789
52225
1422
55214
32054
28589
23319
62417
12895
50219
44497
38883
60246
1491
6639
24485
60575
35643
24404
40763
33145
11561
8479
62234
3996
39789
41814
57981
61473
62708
8663
47761
15251
51595
1558
58426
56881
357
61054
19801
10627
6765
31669
31941
1227
6349
53955
65314
29339
46448
49988
48879
61351
22738
11760
58306
182
26347
69283
54261
25236
993
14361
22429
44858
44218
5918
27849
10007
44679
41870
65781
54293
16307
19173
54953
32795
11997
69667
35023
958
62647
68125
6805
39285
46381
19232
57267
28983
7563
32736
27811
13315
23611
8990
44199
40285
25582
36893
39842
55132
12124
10693
33940
64891
852
38288
29844
10728
39758
1421
21431
26531
11190
35384
22061
57133
36807
18348
63934
14098
52420
31685
38882
61893
36307
49808
41422
35657
58378
66646
20687
31601
55239
51459
7897
41239
1577
25071
63928
27783
11448
57554
2053
12970
4005
63972
20634
18886
39989
22002
9526
23518
10106
44628
64310
51867
8420
42239
50878
64259
47528
21621
36371
36095
16926
4577
7068
50656
32793
44484
28791
16554
63705
2170
35816
54739
64803
60893
58982
49903
11405
62537
63358
37542
33719
66638
9684
52697
55427
41962
46283
42961
47994
30217
21839
21427
42750
4420
90
26747
45053
37706
63795
2593
44945
46301
22468
52307
27018
5551
69473
18266
25587
42594
49374
9547
40979
39381
58704
26491
59599
5559
26248
67881
914
37393
12929
68934
3845
4015
42731
2982
59844
42870
51567
51607
44899
1918
65593
65676
20249
51121
57386
2499
4073
51541
15221
57843
33792
26948
8612
11579
25522
59429
44448
58738
14329
2679
19582
13852
47839
28831
23230
27733
30980
4574
65682
25541
35647
30074
58706
226
47675
12614
42775
1440
59199
58957
23705
21619
15194
57793
56913
12587
39746
26613
957
14126
4602
56145
53138
3451
54458
1721
59798
48633
35132
17845
27534
1178
53603
33537
62955
38459
36497
64073
9080
1128
64517
66417
34730
58158
69378
30331
13045
69078
27529
16503
15278
16382
28828
47973
47456
7903
8290
20485
53182
59255
57151
7097
40439
8130
43216
23369
1666
66691
36274
29769
57140
14047
14934
28895
40125
34445
5158
63395
6986
67113
6517
22679
32036
4596
45123
43230
40381
64166
408
44113
705
25421
47171
27186
64124
42178
10593
1891
20547
58791
22451
65493
46358
37535
55250
34541
67842
52038
25175
28784
49978
49574
35646
3022
40927
35466
30854
64262
4006
62975
10141
43108
13135
27382
60453
22008
52599
51721
30657
44370
49745
51663
40019
41336
40847
69757
15274
20424
24280
22087
14627
21812
23435
15815
54784
15512
5604
35500
26116
27216
10567
7290
36281
36823
41587
14785
20481
47259
16039
69423
46300
65844
55797
25061
12025
49827
12130
43787
60775
64953
51540
46303
16026
2130
11519
47239
17594
66144
65601
19036
27046
11109
63985
42563
9914
39813
6067
14865
37925
25502
43338
53241
60368
27511
68213
27366
59967
44470
65397
44150
6178
56354
25264
3466
61785
10199
51132
4270
30825
12075
34931
12997
53803
15677
51718
19403
67303
63176
59182
14283
68998
35905
41514
52696
30535
58615
60376
63391
30462
17345
55426
28222
24536
26753
66685
51929
55317
39790
54982
13229
42486
48683
60349
19263
20345
37666
5787
33275
68267
27387
23207
57529
46900
7604
1997
42097
26105
6413
59259
22714
51176
50478
44959
66605
29813
61655
52822
8135
50341
46522
35371
21856
35779
715
31200
22062
33512
4084
26898
29903
60973
51371
24830
17811
57221
34322
21413
65825
64130
61864
68585
31570
11185
63990
1490
28974
24805
4470
43109
52160
50589
40370
11514
15773
65600
38902
42656
18070
28824
58589
43150
9463
46382
14366
47217
17617
26555
15991
9187
42743
12249
42016
48890
49111
13478
38293
52685
63346
38332
43201
65367
45195
5620
6242
40247
6488
3887
8001
60313
14958
17718
37817
20950
64757
69422
58343
8162
42227
18806
45721
3129
23911
7562
21555
57394
55611
5621
17340
58499
23962
31326
406
33663
48397
46477
7647
66049
12141
9755
18410
5089
30862
13619
65934
38295
66655
7664
53588
44451
53169
25913
68085
27877
49989
62799
63307
35952
31679
58001
18482
21611
23963
10645
13527
22431
15565
67674
45510
27003
22963
31155
37682
8206
21585
40798
61579
34574
38854
13623
35006
11593
4785
40615
18595
21574
62139
35616
20107
67457
36067
66014
13350
48019
45588
30814
30701
50246
56975
37379
27866
26235
35075
35890
60874
58155
65228
25471
61450
24652
33661
60418
62701
2717
611
18188
11384
47103
15387
34910
34213
45142
1629
22482
41513
30111
65592
34146
24590
6542
55307
30892
33491
15572
32824
4064
69736
25173
34844
50004
32226
43069
54924
44013
59181
15675
58231
1124
48983
62311
56371
19344
46512
43826
51617
21238
32794
62729
56404
59110
34233
63526
23525
13967
18683
51360
62150
9471
59469
2714
4187
60810
42448
31166
63867
52905
53954
30709
29224
3798
36005
26817
22078
3952
27848
37750
34321
68717
65655
19211
21507
21217
36297
16686
9144
58760
49360
15636
38906
53657
29689
46633
19681
63594
20158
30773
50168
50336
51126
5437
53865
31380
68182
53121
56663
39199
39392
9946
18510
18071
46563
21131
23388
69471
6346
45793
47117
3571
66963
65683
61002
36879
40429
48546
46777
38163
25418
2419
27250
29116
26616
45100
10238
6390
50629
56969
40307
28645
58943
30237
52704
28763
64950
45421
45749
37587
1445
47616
45638
3310
54980
35611
25703
47257
43221
60868
29946
16998
65390
7624
69504
41501
49388
3881
68630
23678
69505
1171
17034
20423
59254
27847
34731
13875
59345
10346
19809
15995
59561
5053
11846
1870
25188
35185
43137
66201
40689
24946
9156
49698
24534
35011
35202
65056
63986
53713
61145
21426
60314
61454
5209
16211
30094
17278
27066
43562
53729
22022
45607
29954
68805
20823
27276
31943
46657
60042
65654
20467
22990
68178
18358
2575
18821
38506
23029
50043
9958
12207
66173
37875
19862
19091
7953
57556
5958
18899
29523
10610
13134
47247
67111
15901
22525
133
42137
11738
35529
34811
24735
2673
48203
3540
21906
5810
51503
61061
44483
21712
14669
12221
32533
23090
42959
66920
2410
3158
12125
