37894
16842
10185
66321
64655
2641
54523
12697
40594
9416
17863
35524
63331
40318
54943
63495
52557
29985
43095
56846
54671
23549
47756
15257
13065
45223
37813
3736
49560
32699
10440
11708
37870
68398
54768
58673
46437
11634
12580
32524
46681
41226
28471
49396
34792
66359
7322
56395
1773
63670
63431
33007
5238
35415
33374
65125
17300
55994
46218
56580
48607
9085
11633
63904
14486
64921
62734
7573
59058
69387
61359
57744
65207
4231
9676
22701
57880
28844
18694
1329
31932
24096
40613
2210
23171
163
13838
18783
9058
58709
43588
63226
7839
14637
6237
34264
47740
11978
64722
16041
67506
57421
45268
61418
16865
45022
57035
28001
69856
9103
49325
22401
55137
55515
20429
5526
14030
3897
30350
49092
64512
35508
688
41872
992
17924
53604
22081
8916
3793
3648
56136
29730
66474
18781
40859
10342
26854
68902
2980
35516
11090
66610
40784
33266
8329
4147
64671
33279
8297
10877
6769
61945
67962
38135
56384
1460
47503
29304
24686
32729
13326
5113
49962
57602
46658
45824
10701
28579
11258
55930
66593
5467
42002
46561
15252
28538
40709
24740
4663
53874
35210
26628
55640
19265
60516
16979
22821
46697
67533
21093
18187
50110
43668
68906
52481
47441
22841
60326
34258
15323
7459
12680
822
35659
1774
22361
3519
52423
41637
33375
58085
45348
43998
41920
33478
6591
9682
55762
35494
29775
14232
29984
31370
22575
35874
17266
32936
58083
55051
21041
1298
51547
19864
53077
36004
30385
68399
24753
64721
64644
32514
64214
50
44725
14036
37624
30386
59044
14096
6862
35844
43908
34809
43632
15674
2816
34873
8042
13503
66618
47525
61164
23782
43532
50641
62271
30332
59083
29031
23407
43194
62170
58640
53584
5122
45811
17776
45162
29557
9363
55254
44805
14148
66224
12048
58685
19368
36241
29487
60390
61062
59464
18756
61806
41132
2429
1556
37573
45578
9746
4798
7693
64402
59821
12956
8161
14646
5208
66338
43631
2653
29085
58205
57912
68766
65221
55963
36051
58368
2748
16140
44411
7993
38545
48412
18051
6177
3309
18178
14650
19926
69338
42348
35848
40956
56585
24112
32342
31937
21045
32425
62765
49779
25479
41732
2898
32988
1782
9329
43074
55480
62425
46113
6518
16297
28157
67717
67378
55219
2127
62892
62893
37252
6868
5989
56451
50440
2595
48265
9578
37525
30343
29713
27787
41235
2321
54654
44249
43376
35577
36483
32931
47598
4421
32911
51498
62165
55841
19112
29655
16708
64109
25998
8343
32523
16381
59952
37160
15086
23431
64299
59101
43683
42707
3086
28518
65325
66255
29696
866
26946
57365
26457
33130
67026
55044
37138
40467
16809
9359
45596
64270
48887
29618
37829
8613
59637
27983
65488
14274
35333
58525
16905
38568
56157
44028
68444
67991
28219
10367
67342
25907
19962
42079
29470
64951
11516
2521
14320
9022
9850
66358
9254
40686
4483
35353
49093
14423
46345
45133
23849
33602
31733
30211
5258
40043
48106
3321
43120
37974
21988
69632
22880
39891
52717
22105
46314
32600
9385
51160
1100
51014
3059
29506
33274
50685
16305
47139
46293
31594
48334
19905
9474
61895
58965
11359
62464
51546
58977
38708
55237
66629
58397
64336
38782
32615
34316
48779
5366
9576
2126
61291
63175
48154
39365
34227
39674
64943
59557
54835
57749
46541
31015
55596
1983
16566
68076
30605
32806
40194
45803
36240
14813
12133
60830
2734
49629
3166
54417
17091
13210
25805
23597
29149
394
51417
46267
44792
19751
45765
6305
56187
5245
62564
25318
58332
68082
62280
36300
15954
47420
44585
57449
50689
28291
17323
24225
63848
23523
63289
64290
10946
10564
40731
53173
9766
47976
57893
5117
45065
62780
62347
15722
57420
49162
34077
38252
43898
50022
64403
601
51010
25865
38966
9110
29943
3263
27429
28504
49161
24265
12332
3533
45458
60504
44861
6061
43568
27273
51525
51194
14583
18270
39949
40390
42577
56750
65782
7991
23808
12020
18327
30235
54232
7462
69188
20257
30282
26523
13859
15691
48069
29654
40825
19083
34602
33751
42589
32548
15288
44884
52712
23151
36836
53628
30704
57859
59397
29606
42133
33592
63214
51231
42673
10210
9628
25181
54044
4489
25415
39996
50189
51627
37273
8036
5328
53761
8379
38223
33725
6749
32426
46481
5588
43800
48036
37
36788
43305
32066
8444
45610
17485
50428
27111
66501
39487
51950
6225
33056
44261
19239
8953
54753
56313
56909
24231
65691
36597
58524
25497
1929
38453
32519
28958
48927
657
59629
52990
60478
66447
62307
21693
58240
16299
67802
27893
20686
40443
68554
18324
35237
68153
31369
22026
30271
37188
60585
43180
8155
16225
16296
30452
23107
51314
17554
56628
36089
36027
34496
30561
53247
27611
40026
32530
65887
55993
29472
18362
55525
272
32805
64836
41127
61752
23582
12523
21177
9342
14529
28810
22079
17781
22618
43246
35050
49289
38113
43518
13744
65711
46766
50752
36317
42657
21250
6119
52949
15431
4796
14436
31126
8153
15242
1282
63050
8053
19454
43673
18240
6192
31399
68132
19763
43413
62288
31112
11835
41735
45962
49152
63458
53807
1557
56982
33659
69385
45872
7650
28632
28988
43946
64103
32613
42458
27044
17231
5184
11596
3336
5300
34313
16318
4592
31690
44642
64510
61820
20453
19270
40349
6307
9460
42686
23583
57405
6520
56642
33469
5497
30542
10682
8113
46708
65075
3817
69380
61868
26236
56465
36706
45289
20118
23111
45005
5433
21781
21231
27789
14732
14630
21412
52045
65992
32865
13263
47877
69560
36121
463
58978
61702
63722
48194
47979
64672
50439
15962
52329
37551
27921
44850
29100
17800
15610
5123
28121
42590
5185
43073
58149
39467
24745
9569
29708
41849
43282
57837
12872
29605
33525
64374
50093
23528
63345
20908
31320
9754
34010
16845
54366
3491
2222
661
58121
35440
11545
53257
9285
61726
67860
35264
34705
41477
8390
2981
43899
38384
22616
21259
54957
2308
9473
59897
18081
32578
59742
45618
60139
8737
29877
29048
37978
16618
30514
43358
43484
6624
24310
24907
2516
23026
23405
47182
51516
58827
65462
40317
10363
24209
34418
37568
47325
1689
21405
43729
27982
62866
53037
22491
36897
67965
53652
54397
41729
18504
12522
9767
62441
25207
7130
29345
65093
46519
62931
25873
26470
44814
40150
17684
67278
10841
39024
31488
17010
63901
49895
9236
59264
59129
19607
40517
4243
37508
68804
41875
323
56757
57508
38788
54584
23592
11266
57982
25498
6406
3323
36142
13195
44687
10878
46743
41799
5100
44292
32282
66062
21918
44121
30774
68997
51750
30549
48235
46198
68813
51430
67078
8794
5213
509
59200
45810
40041
53468
28973
47349
17290
46666
21529
19530
34754
15550
13442
57008
52638
9509
57033
12533
5326
51470
57973
5107
23527
37381
11256
30418
12476
32512
45616
11896
974
11711
35163
30154
48181
25857
40281
23406
20928
61476
42495
27584
18799
6996
27870
26010
29797
31408
31605
39486
16205
17085
44161
66827
13257
40323
39980
11119
46059
42457
29565
27563
60171
39617
2332
41516
62861
52141
8154
66742
63003
30770
67834
56957
24097
46216
20700
41246
55728
38513
26212
1080
17606
57419
13965
4920
52690
32216
44255
59040
66171
518
39423
19330
19893
51775
47119
13889
36675
3345
66946
53978
66889
30595
9367
48327
7674
17717
68042
51986
69230
41806
56573
19617
44320
55159
36952
42252
1417
53590
31441
20911
1813
65819
43158
2098
54959
29471
62174
59265
67214
56376
4052
62346
50688
55842
16069
40461
64271
9073
8792
50283
39049
36012
28760
31916
30164
62276
40857
11259
57203
20283
34417
21749
17486
1569
30515
47780
4109
53646
14610
2655
34854
31851
33788
12230
43706
2986
52779
60853
56221
41998
48515
46521
13871
37090
46317
13190
5525
3961
26866
35728
27249
13023
68389
5292
41199
11699
68690
28743
7311
35401
11751
17699
36921
13626
57050
1096
35687
39901
20376
69840
23100
23824
36970
47795
11148
6384
49673
18720
48104
47685
42459
52340
22866
24049
28128
26973
12220
7461
20438
4795
610
7064
48610
44729
15301
27463
16619
8775
28670
8203
64966
65876
40560
18441
526
16683
14678
61569
785
33138
12425
14349
59911
6947
34577
65820
27886
66337
7131
45157
12295
45766
53892
20230
54522
9332
15243
266
24791
23105
34639
37644
5864
15967
62764
2543
49469
56016
68732
60748
33503
57245
45073
20189
3738
18693
22518
50282
42074
62607
53728
46588
54724
65892
22220
57976
28364
22120
48372
13412
66256
60544
15832
6816
37244
7675
68765
28020
885
23743
33062
61671
51990
46115
18137
58503
30373
32601
23225
50213
47146
58355
30749
40255
11508
11785
8054
22942
63909
19375
4504
55588
12049
61126
58605
24828
32398
21706
3153
46297
9003
60244
29702
63380
41751
19557
47603
27980
3818
62745
23341
26894
52425
53718
49973
64965
64780
55962
9889
16405
11642
5247
39886
60913
9246
10205
42078
40757
9186
25179
26752
54213
37656
14677
12844
34665
58226
7278
2945
67925
45488
61885
50358
60000
41292
21069
12684
65937
30908
14812
53028
19090
14835
62790
51072
24293
57174
45902
8328
60983
42166
49577
20333
35594
25400
42121
66149
31829
17670
18820
12100
37169
41938
17773
68168
44226
66720
19979
252
32139
64724
28488
44782
602
427
60566
35469
30877
50023
6456
59642
4423
37211
59263
3821
68053
62033
52085
14425
58061
28295
63043
32656
32040
52224
25997
69834
50162
17354
29234
42007
8957
8534
38955
9102
23524
43630
6310
39360
6694
62361
33736
38890
38527
18988
49534
57087
43222
2198
19939
20901
56223
36707
2689
33267
60323
54921
41804
36634
12477
15220
23972
63855
35493
33345
51448
30543
23933
64225
14947
29774
54653
56033
30856
16810
53716
14300
39565
18176
43242
42451
17154
47524
36464
22733
45275
64893
2899
21998
64343
28457
17609
43596
53078
56197
65786
23495
17687
39276
11643
65010
36042
50578
68055
38868
2288
489
48845
28039
38958
48486
55074
60353
39033
23303
13469
55693
18177
28821
16306
16711
43870
16579
36284
36353
22099
55073
66176
47509
59852
36861
53650
69082
20560
46510
20444
43581
5305
37196
57538
44975
25650
5626
7132
5167
9002
34784
59822
30219
49509
54248
21546
35263
62194
40860
57774
2542
48266
6250
64830
47978
23371
19440
6430
37665
31497
47181
3561
44023
36075
45985
52948
50176
48787
51033
45202
8572
6293
20959
32974
58926
41961
32117
26022
55931
29634
65965
57298
50417
37245
66556
27797
11685
68982
47857
62817
20571
30354
59445
68096
32866
10251
40973
17402
34451
34259
68203
2089
48353
21049
36277
68106
43477
67284
33853
33131
63503
3197
4569
27113
22560
42351
6824
58502
59450
53869
12876
62399
30341
58050
43357
27941
69738
6214
50564
9774
54916
60405
69263
30852
3058
54132
34956
46717
25206
7105
46073
50193
20434
47594
44284
7324
894
35089
45617
57894
43960
8202
63416
5257
36635
25542
37758
41129
20476
45074
58505
42588
37804
67349
6215
64942
7098
52337
60109
4234
12600
33712
38957
49486
66558
64407
58228
10337
32949
14787
30091
46089
16806
44332
66523
7814
59291
67480
38761
59603
22199
20590
47427
42730
17749
33596
51257
34887
39591
60274
66826
26949
63264
41670
21593
21155
24420
41997
29257
64901
52815
22116
69537
13262
41981
23605
67605
47526
54543
28353
27180
60536
59184
60334
50903
10669
63196
2852
1193
34497
53430
19043
39670
63104
52501
44615
61992
30625
59467
15265
21993
27571
4132
25858
58297
9210
63771
30526
43021
37852
38340
57366
47563
63002
42934
16280
35168
24478
47423
40001
42935
27739
67118
60235
6757
48643
44399
64986
36481
33417
525
15315
25867
37527
60976
52940
4582
13164
14747
60038
65120
18484
20591
17470
44973
19143
10277
2723
30659
58148
469
55579
54013
38867
30801
55818
63004
65060
45015
5250
23654
66813
52903
31372
33006
66419
58500
41525
47370
34044
33718
55798
16207
67490
58445
20845
63579
42830
48545
52792
23304
49140
46221
20891
36413
47677
38691
33527
56338
58449
57408
45508
55246
17095
51948
62244
65900
57952
23073
62518
5705
32985
36204
32295
57116
46
68923
26088
54603
18337
15186
1266
34597
15641
29626
67489
51009
17135
7615
16227
38116
1540
41020
33772
53228
42164
10407
59991
39585
18599
17431
4111
19592
27434
41733
67137
66249
18097
61676
58705
27115
60723
4146
26024
29927
37528
4239
35166
3511
22682
39671
22110
27570
25603
17635
26038
12524
27499
56385
23179
5302
58251
39748
55543
10368
16456
22680
52986
25606
21733
53317
4125
53117
42095
50579
14656
51991
44998
48242
51032
33648
61965
7310
3344
26042
61565
55925
32418
29669
47385
4786
66450
5434
49690
6882
4424
20932
35216
56241
50147
27536
58821
46786
7928
29504
17521
6503
3840
51820
60438
1831
10636
62833
58835
43610
49392
61571
2495
60586
66092
7925
41916
58826
58017
65005
55617
51651
20499
65183
34211
69018
28869
2354
25384
50949
10997
30016
55255
60168
53809
65603
48522
63119
67501
23879
69483
60232
46518
68154
31981
5259
25859
46661
34871
40226
67736
30322
34714
36837
26367
17307
552
11386
30673
14538
68685
65209
31443
57917
26018
53259
36489
3546
14235
61902
3711
26331
9428
47442
52608
31323
15218
42833
6946
18312
12820
46135
44713
13102
5083
53246
17793
53369
6731
20952
46167
1621
1436
64037
10083
68336
16834
9267
60724
58051
61455
47773
16433
2865
5240
5954
28915
45925
36580
61857
46957
69096
17184
57344
45008
1262
60726
56665
27920
47933
1074
67213
52694
65585
46550
50317
47237
27669
54864
17308
51313
19124
45785
31162
14495
6020
56826
1516
66192
56025
50945
16807
4440
23581
12367
40616
1881
66969
15566
55729
11007
31188
24722
40643
60016
47082
1247
1658
32185
39903
605
3356
8806
15047
63074
16121
18289
46068
51413
36653
28290
3087
35517
29670
43616
51153
38593
48315
13426
63292
31592
37709
38137
2255
46537
67334
5273
27745
22335
33424
32907
28986
18766
64104
10338
63384
64149
32930
16723
69088
614
48446
63316
5835
62413
51738
55181
47230
35962
29476
22448
51320
57884
15027
52643
17100
27049
58375
22490
24226
55523
14378
48514
7489
2555
3365
50662
11057
22678
51885
16432
11257
66346
25152
50902
41785
50451
40063
60852
20648
1104
33115
48060
12552
8041
42165
7806
2884
64419
54070
9837
65208
24440
68841
49905
53717
12168
68598
63001
27642
2253
46542
15515
39589
63809
26104
62688
65527
259
31798
56089
45349
68434
4570
20923
13992
20673
51793
15688
48942
12205
49958
18932
8667
5086
49863
33150
13580
3227
53958
21150
64738
27896
55325
68578
27509
27575
35600
10303
17377
62053
39590
33885
2209
53053
66918
5953
17351
26920
740
62152
58584
33076
39512
54055
23568
50730
60483
27368
47231
54542
29855
59707
63310
12860
57343
26829
16917
26366
52367
69003
50687
33601
7026
18113
17504
20724
5498
13093
50153
15446
16893
45691
35398
53188
16071
36802
57431
46351
59384
22221
42432
33750
21295
36021
58290
30851
2425
11387
6194
24048
1541
12358
23602
11123
17393
62529
53245
29725
55096
9448
46287
58094
28825
33752
16298
10670
14752
60708
67801
65792
52173
61592
20530
62801
8186
37333
6883
10482
19813
19724
44984
3188
15960
58816
50968
162
65453
28215
53810
18598
60980
34374
3895
34559
60812
44254
58113
45472
11362
48832
13009
25069
19978
17401
31765
11814
59267
4451
45966
34659
6082
7668
30647
62860
9177
69737
66678
46144
23019
12244
28843
59416
23227
36346
14757
11893
11821
67421
18588
46095
45903
27824
30457
15837
6667
44974
32116
15050
40685
25553
49834
66496
37895
56114
56558
27786
53615
39836
64489
33526
62175
48326
15609
26648
29532
6342
6351
57049
57320
45300
20049
27485
61874
65094
38652
4114
64217
18246
58298
20281
35496
1169
5128
52538
40687
14447
6181
34278
33035
9721
43112
15810
69357
36951
50029
27436
18526
57367
25756
2051
11641
58777
67263
8288
42494
21240
68550
28742
24958
3902
45093
3593
27914
37705
41701
45160
55780
23844
58316
56584
29564
54763
38529
13545
28377
49508
37209
22117
63258
27915
59702
12216
30793
34874
9074
55131
49411
31691
47686
35776
29900
68209
27217
11058
30674
38649
52266
31437
26909
18767
11874
6232
66367
527
39067
65858
59404
25493
8666
2594
53966
65045
9361
18326
7184
49297
26881
57555
32577
65602
52772
52783
19840
11865
31625
19084
4679
39741
67335
25609
62534
2223
39972
41160
62624
39292
13592
45784
48561
29256
50028
60892
45088
41552
41216
10808
51400
65012
21944
31397
25344
30864
2500
19620
16632
56696
18292
17864
29072
19773
13593
4220
44956
57829
54553
32359
27943
23490
9273
1342
38727
27998
44347
43565
11560
16869
2760
56627
17833
53420
54041
15751
26316
56912
27798
40087
18115
4833
32053
30153
21399
49963
21398
51951
63042
9701
13820
31410
53913
6733
59689
23285
43539
477
36104
49679
65674
33737
60999
63092
51873
34543
9305
15017
24541
22492
1326
7227
10924
45901
19970
35593
30163
44279
52091
5421
18797
53871
2177
59431
57812
68692
60996
65764
24344
5540
64887
39042
39833
49840
4428
19081
38998
34773
57967
18138
63685
37794
41453
10720
43629
31850
40602
23746
23943
1484
29390
56052
21029
44236
63906
47243
59741
1951
24685
13313
55692
63304
38455
39507
7569
7029
43508
26562
16918
22265
18101
45977
61287
5450
27462
34846
3054
25172
42748
10814
68396
68411
39757
4074
15950
606
10341
1742
1219
30853
15240
5646
61659
10372
51850
276
21804
1659
13349
60320
40792
44834
62519
61139
62535
22986
24662
49208
60322
56860
38844
19026
31967
56270
45067
49893
3538
46886
1033
43306
23915
5468
20641
48547
44089
44017
1331
48487
6065
37171
21249
2009
4660
3734
67356
18232
14091
8109
44930
10949
40008
1728
324
2179
35399
61570
3035
31684
9654
40598
31473
12681
15256
46602
33278
10357
28695
28967
42075
34067
35487
32478
56116
46589
66947
4787
47583
62843
65482
7570
15766
55396
20990
38656
30409
60245
40537
11799
9623
54961
55230
21302
69017
9018
68640
64673
47954
16956
44708
63096
66904
68348
24968
62444
43644
66100
66020
43640
40772
15700
22648
53660
42760
29892
37960
28336
48
24624
51348
56708
66488
4392
24196
66520
27688
49128
63728
64100
48504
13832
30972
13656
18948
11676
672
36404
27844
528
7720
31240
28820
39828
39160
55108
45968
22464
64144
17264
22548
30822
54240
60508
14660
144
18652
48200
44100
30821
68984
29260
16540
48616
3220
2180
30061
39612
56271
55926
65973
8807
64756
65817
61430
19930
12215
15711
40655
49441
31004
62810
50811
44302
17551
16710
46914
30783
53605
27871
61415
39505
35790
37698
47717
24479
67766
12880
36491
43857
21329
10777
29653
41857
2922
6133
28966
14834
34355
57717
39657
66063
50944
19404
26243
32657
9429
68304
8561
19175
41260
63117
9031
58732
18604
7815
19938
65011
43478
41856
26672
65139
15187
38011
6124
57701
41455
48513
25178
21085
10630
63557
24154
5813
33139
54343
53358
61448
57376
46257
29782
68252
30089
18205
3357
24051
45040
48004
62256
3455
64074
15838
33061
28998
27498
23018
30037
55401
2318
22133
62981
48369
11798
43281
5081
11253
39156
33693
64219
17090
3710
51866
15189
64831
29793
59284
57437
54967
33627
7990
15634
50203
56458
4298
16150
63874
10263
26288
37210
9745
10813
57943
57950
7893
6448
2761
58830
20003
49369
60335
13070
24726
58143
36775
40738
17683
62223
17329
32531
69678
24316
28591
22216
43624
14734
25866
66888
25376
22292
48146
51356
34461
23152
29589
9725
57622
64643
64918
53043
10863
12324
50449
40162
49132
23413
64826
34603
12942
57090
30193
11186
49612
38024
7468
9341
67966
54486
42977
28952
47737
17469
11067
9032
32389
47089
9962
10961
10740
37754
50194
31189
45390
12626
43204
14433
49027
43609
49349
64784
30541
26174
17301
61703
44686
63559
10862
12786
22306
55402
19288
51836
16191
20767
67138
62857
58227
34820
22484
55182
26539
29714
39416
44262
19355
53258
51523
11757
30946
24441
9366
2427
18786
50068
5992
5911
32333
57010
40595
29628
15673
51326
69472
45474
54393
3649
63558
12106
44841
15895
52790
17245
18390
53470
64491
19515
56459
27535
21602
11089
65969
55821
57085
53976
579
24023
23927
58542
41299
45061
1643
55496
401
32816
33832
7894
26538
16187
69712
14418
56373
43003
64150
66808
48136
44
17605
69688
43973
62859
45621
2979
59387
11940
18104
27586
49851
45732
32442
28887
59107
5451
17088
51377
38413
1911
64917
9358
22109
47434
43861
19147
21340
4226
67253
48978
51590
48113
30658
19236
64933
63830
5671
67872
7033
5121
47626
11881
58448
43491
63784
60727
67765
46726
38857
35252
52174
23054
60809
59024
56112
64369
8274
13254
65280
12625
19800
3954
56337
6750
788
23140
22197
65381
18831
15678
58913
31911
52809
65697
18121
61966
53324
5412
17060
65586
12852
69482
62606
24204
52782
28403
11385
28838
51165
12751
24157
27922
53287
29383
44505
13268
9148
55509
19965
662
2837
19619
28402
48716
56761
17619
1990
32593
68724
52018
62357
7679
60169
11646
14857
22219
24906
43957
42685
49118
57034
33224
37170
35036
2273
38859
39109
59580
11480
27376
31115
33438
24727
40741
39890
50901
58831
27560
46315
9017
45609
5955
38781
37924
59909
48325
8938
61711
38639
67744
64180
54157
14325
14288
60720
31978
16907
42339
55372
17549
67468
8569
51562
42611
26426
27058
14156
46553
26514
23226
16532
57951
66919
64046
14736
48482
5640
48314
43301
69792
34688
57048
603
32505
22617
56461
51769
391
29271
27329
50990
13345
37109
20428
52145
48278
35379
44745
45521
64370
15635
65976
19106
42061
66410
22398
56557
43426
29530
58092
5082
65886
68551
20304
47700
8409
27894
18547
7983
27446
30975
48541
15461
20739
43238
10884
48455
46023
64771
26021
50833
13022
48226
1353
34870
31517
52521
59997
61449
15587
18863
35471
16218
62321
35840
29030
68981
48153
21345
23387
52154
60234
25366
20341
30170
57347
16222
43745
59216
384
26488
451
44063
29150
69181
27681
26758
49477
4816
11788
37316
6170
59132
21821
17306
68202
27817
63350
48481
66396
38986
22426
17794
18981
31622
16265
42349
56519
255
22449
25132
31468
45652
42834
45978
17795
18050
39303
17896
4896
7655
31713
5367
18785
42012
31573
23550
10683
67469
54365
23889
10984
30090
38778
19768
57036
14456
57304
35735
65681
50867
44285
29601
12269
12198
31982
27491
20289
62563
23318
5099
12121
11550
63952
6281
69739
64681
69141
3894
46907
30162
13351
29404
39545
54146
39805
36798
14549
29947
726
59924
27747
27664
50754
51575
45297
33010
58436
12974
20282
47786
30039
33273
33437
7527
58354
13985
4017
30171
55627
43384
36318
32358
19838
52391
62142
10036
10315
25365
59573
40515
9507
55838
29615
22688
28870
47355
13010
5004
57285
63698
56186
2622
30900
60406
15060
41006
43913
3545
65783
30614
69270
1090
44402
1333
56876
34664
8603
55860
25391
41060
53165
30993
29801
15825
42862
32217
40579
65909
54686
67171
14268
22232
67530
2077
28914
5812
61686
37061
40184
67264
12128
63821
51450
51471
62455
9883
43521
45413
20430
21388
26081
57472
5678
37130
714
6569
3885
37048
47126
15468
24309
7325
53052
56113
16743
29151
23655
47793
60073
1743
4018
2156
69368
67475
12123
18924
45377
12784
38627
29614
17517
713
12337
66515
337
14226
27761
66687
47131
63409
24814
3819
64588
26061
51905
18393
29525
31221
5910
17818
21919
60479
6251
49
18347
64368
24401
31677
68317
26942
13021
43567
67572
16916
41156
1449
25926
57083
54958
32038
67191
35327
41067
24373
51797
33679
47738
32037
30512
28176
66340
19977
1995
8793
15823
32753
5453
7327
3155
21766
61000
58604
6453
54904
59896
10749
36705
62322
61507
5339
7912
237
2524
9004
34492
32320
25920
32556
30976
5672
32908
43473
46665
59898
3360
61290
68210
6283
43163
63502
54994
23286
38741
38456
20258
17672
59823
34571
5278
65818
31799
6429
66729
6574
55084
14558
40444
69614
65481
5599
5338
31598
32641
48888
32372
12985
55012
57572
51443
9797
15876
33085
5314
39872
66016
55338
1547
69618
5295
54960
49907
64670
23590
39941
39157
26317
13754
28800
8293
51593
31515
67170
63394
30802
46999
32602
35963
48613
41471
3301
22114
63881
6309
29112
7085
15540
16757
38726
41592
14584
20520
62528
59332
10753
43566
63827
10195
19904
3242
28805
52232
6444
46883
2554
33079
57175
12024
16032
32106
36989
50482
7526
26755
38733
57084
22574
31513
39942
39548
8248
63118
12742
59676
29235
21375
28411
33741
38136
5098
9702
44506
53840
3969
29698
21545
16643
69002
62920
43249
68427
61619
10280
22204
12828
36322
47165
64487
62439
47328
1783
59650
13037
55197
46086
67429
33153
51821
20498
29420
8836
63349
30123
51001
39992
1337
9653
58653
926
13864
54415
35284
31729
10404
4888
41368
66172
16848
37148
17585
6022
61127
69189
25431
41047
32024
31689
26545
31989
36445
6732
13729
3351
57562
40459
51692
29418
27085
14601
23253
35331
68391
25681
26511
67870
20266
34093
67987
32561
56589
23053
47990
2882
30152
807
19883
17755
68255
60437
22113
46606
4683
52172
47932
43974
8987
10815
30323
28809
6282
21990
39110
54667
52589
30517
36149
63908
14735
27822
41982
100
50880
67700
34344
32390
56146
27887
57599
17815
63534
45690
27988
29241
50064
15426
1376
16862
13682
61505
8986
28993
23932
43159
31114
60733
8395
29651
49296
11460
23284
32728
67611
63535
7463
55510
47426
24933
29229
57292
604
15714
2072
4201
29445
11082
3565
6663
53286
23571
8348
55183
25196
67902
19857
4393
55662
16881
34798
17547
60655
40538
44519
23657
46549
45658
43155
26231
63169
21167
42781
3201
4342
65690
28109
43153
60039
19514
56604
67735
44796
58058
27327
58319
46624
28679
67307
36319
46887
54463
5608
6922
39224
35501
42088
7805
66067
27799
51737
59296
36695
7079
16614
26272
32152
11280
16272
64018
54602
34958
62910
53413
64215
65365
48414
34210
63210
5584
65710
63174
29921
51050
21425
598
21050
30974
40536
42970
24197
66985
26938
51467
61746
30076
29316
41388
36360
39559
54984
19354
6863
38414
56983
68408
60950
31889
9549
65018
59099
19606
32181
20267
45075
54010
58545
35448
3249
6471
63013
37708
62828
22159
41555
63387
57561
13536
13548
31429
45847
31409
32009
36049
7086
41724
27201
30691
29331
40365
19604
7836
385
4019
4446
41463
14152
56801
6132
55251
4788
5388
24672
15596
3040
49097
5109
13144
28837
4490
34015
18216
5881
9851
17897
7326
25430
60770
51757
32670
17009
56632
65722
2122
59130
33913
10918
46830
40721
55992
28937
31688
62927
27057
22799
9418
35388
2317
50661
11875
7808
20895
28494
68367
48483
66466
7959
32421
49206
46082
13265
39602
35637
48943
36995
12693
2794
63903
21374
15046
14189
45857
17754
28567
59925
23422
52325
51154
31485
14291
65182
39284
5337
52902
37374
60170
37950
28212
31007
53790
16551
3288
56858
26405
26047
56633
15721
30876
35314
781
67007
61799
46836
24088
62753
30777
8273
29374
54023
41066
10629
48743
5341
36778
13458
40474
65706
243
3400
9633
42789
51048
33717
5461
16833
43335
15217
17302
27322
34525
43928
22115
13661
2467
26427
26506
22246
38248
8252
26584
57009
42445
61813
2254
3203
53616
16070
42856
32620
14284
37896
46312
66712
34036
67076
6589
54804
7298
33191
28202
50195
42513
37961
39277
6840
65194
48122
14153
53629
3488
43377
1869
31626
31578
6560
23020
52810
13818
27144
26926
34994
31849
39352
40597
29189
59643
22321
47013
40730
28793
61007
57853
55027
55954
27086
21845
28352
65635
47062
44225
33516
26478
64782
10252
47876
22798
64527
33501
37355
45071
32403
11644
31363
61515
6801
47889
42300
40872
1272
37871
28871
45884
9949
42559
35334
25437
16709
13239
5066
38664
57502
2426
67471
36074
26387
42080
30615
54844
18468
56559
34332
15093
5101
61670
6662
38149
43337
36873
67312
26509
14636
9893
48826
12750
68599
15824
40990
50783
29922
54225
13986
43681
4790
2876
1132
37400
49367
28875
56239
7837
55581
44732
67876
46032
53508
56887
14766
26225
51756
38646
65065
33032
61535
62229
56681
27092
39290
410
19513
13594
44701
65910
29505
15966
30745
45579
54541
65524
61514
60206
49836
33680
40737
27421
32412
2722
7649
65526
34857
21089
7654
11053
66514
30098
14024
55785
45146
11081
61071
25507
55059
64991
18787
51787
53806
21976
9849
66444
68996
4419
46678
29054
3290
40942
37049
12659
18833
15237
46405
30460
56284
30755
11059
306
32893
667
37526
3521
68708
32515
35463
7673
26644
30336
16742
47573
29833
56322
55641
2762
49850
46727
51019
52681
35164
2676
55455
46662
65675
55026
41218
56981
53397
58142
30510
46484
50190
5959
19895
53524
4845
23531
65866
11549
33544
39792
34014
17130
10958
67869
58572
7162
44703
7084
24200
5440
23497
258
20234
50519
38997
17522
64107
64418
45926
28168
1576
43378
40326
14487
43456
25854
15239
37321
10013
10104
36971
53719
736
26913
56518
23553
32810
38033
21294
18689
57900
43136
737
44465
66161
50888
47627
55625
36108
11796
63764
27885
39756
50848
41191
51489
10890
49322
11013
35833
56353
28002
52892
55292
29329
60604
7850
21595
17975
45273
4107
24755
34610
21632
66345
62679
14559
19605
35834
4492
60333
62950
12935
22325
67770
56655
47216
42985
50615
60375
20589
19130
46525
257
16189
17507
52238
8731
49478
47222
48905
8106
24556
13112
14996
10215
65673
66721
63022
67313
28718
36889
2264
36490
66170
42610
23973
38008
48952
69386
19335
66549
68817
43517
50806
39947
51810
68254
40671
45432
34089
39668
56780
38845
10413
40720
44590
40514
53647
45009
18124
32885
38026
54272
21114
56857
60161
63768
40362
69458
43068
66087
24949
30592
25672
67901
35233
14791
29796
56827
68814
46663
55156
59651
32965
26893
35414
39946
18049
4133
2050
37536
15264
55551
37919
25783
34261
61478
2553
28250
6254
11175
60492
43734
52330
31979
15896
21485
27568
67124
15774
46526
11144
32118
21442
31144
33449
59581
54101
29375
21493
12632
26459
38465
482
32989
32409
61112
28566
22720
43154
67589
8125
45801
39032
28731
18234
32218
28994
517
39653
66769
67734
4450
10939
19073
38858
44775
33576
26524
24164
32399
18514
56504
57364
62770
447
51497
62771
49205
8195
34982
49368
68426
5908
38399
483
41280
19215
56012
45134
26407
54687
52499
67926
20537
12114
16206
54949
33865
25882
67455
15077
63831
58235
27430
16397
66563
23908
68637
16226
26712
67986
8903
5797
33114
50241
32994
67983
15996
26166
41313
66384
37777
58730
11380
66064
15272
790
16149
60914
57164
53193
68475
20875
4585
45335
39725
68170
15856
17289
15097
59173
35665
59326
65306
5166
62143
66617
51136
9965
21860
46593
32677
41115
12652
2466
4443
21989
51633
23301
62600
5598
18380
3564
66108
11632
14564
58608
55216
60584
58032
56028
61812
16944
0
19960
21385
34204
40732
39028
33260
26572
25860
46596
15524
13050
40900
8346
68014
31595
65185
66631
7353
19282
20280
31482
30932
22057
23995
25899
46313
2638
37432
58626
53398
46251
28774
44077
68913
12348
8108
65539
13438
51570
41462
23608
57406
8107
49153
31077
3453
8778
19653
27313
52022
17697
43735
924
35707
4300
720
25386
25067
9572
48243
42203
30550
59266
63021
29312
55514
12050
24533
61796
21528
59885
59884
48768
12803
3653
40173
38000
22198
54420
27766
20715
68917
35251
50640
10164
23847
25965
44746
23999
34108
53285
36993
53908
63769
3016
49216
66743
49813
26510
62499
26713
32905
27746
35313
46406
37733
