25529
57455
13655
54572
39974
2348
62545
48103
41964
24138
67462
27147
59154
52947
62057
21242
44423
21681
34550
534
42285
14110
46862
15510
56531
3617
44619
50923
61159
7870
57370
15830
60659
49763
15102
61216
45654
39716
38141
20259
17105
27546
30338
58101
9336
69599
48305
51877
17472
12378
7089
6578
54865
27963
6475
25618
68037
43852
49790
55265
9194
40807
64854
21322
47155
6525
34195
66799
9942
4917
22809
66625
36746
53664
58334
63055
10454
65772
55399
42298
25816
9613
27961
26319
20797
13600
53202
53011
64978
30291
47376
15126
13570
4727
54383
60119
52854
62742
67599
68078
438
24415
32927
61171
6870
65025
38703
42481
23805
66487
43345
13491
61775
8851
54333
48509
51022
66730
53346
51845
32755
32254
4996
52206
28288
1368
48017
1162
49970
13066
5266
25665
43594
56130
13607
32326
50231
5150
47345
28547
59214
60747
25187
51157
7451
42390
310
65546
17139
20836
29527
48831
13431
522
12841
22412
61490
57454
33427
27361
43982
25528
21082
37425
32337
26269
5819
60446
28042
32093
34549
21777
65425
2043
26775
30167
49712
57093
39928
12321
29466
63677
62489
47047
11819
4287
22291
53586
53154
1008
28014
50743
53623
57107
7119
21768
5785
67495
50822
24806
28315
60513
36410
49545
62408
19702
35599
19119
5038
50347
7047
55356
24366
15803
25059
25862
34049
38832
58551
37291
28463
3848
51683
39878
5980
54208
51321
60249
10551
43981
42690
66711
16395
15325
35199
65751
64282
35046
11663
22662
575
45387
15487
47463
66056
5590
42799
37607
27043
15226
25790
28332
38187
16003
51206
56530
49959
64239
64377
68925
14802
44741
49270
23255
28942
6969
49272
62073
55262
1691
16168
30367
8466
27215
39752
12827
16653
45181
28819
34787
26275
42110
63321
12529
34663
49667
51329
54197
50558
50539
43526
18558
61825
11223
56930
50114
19387
8467
42619
8878
62585
52824
41674
41966
535
61715
68339
51780
29343
5714
62411
40911
61466
6629
22590
36710
34651
32026
64321
54062
25094
52758
64865
6096
54078
42586
30590
27833
9067
15601
19436
66954
50715
32027
56483
50405
33206
42130
17216
7272
53682
12918
38739
36172
51409
30737
25719
32627
31187
68926
19739
57434
9716
29679
64393
59213
6099
23733
6164
64379
36001
21403
1613
16969
7885
14618
22454
54825
14706
22650
30952
67413
67355
11351
27399
7201
33411
46016
27010
60802
1453
48301
58482
12555
19133
45963
25962
66586
27803
35589
33401
46454
57004
43943
6097
19063
9757
8651
37275
59536
13090
20284
50422
48773
29456
55629
14015
10230
34275
22350
22919
30165
69006
24579
32330
23324
14712
16689
58147
61939
5012
14619
49765
32098
9558
52877
36611
15600
39595
39153
46291
23485
15355
36510
25277
50466
38321
4436
57892
25268
45651
69653
8607
53879
2311
25685
8749
40558
24014
48953
68017
47409
40139
29723
38642
30874
20770
22827
34595
23486
61982
26678
24717
36103
67621
4062
14755
18703
31803
13339
24296
21310
57695
4407
66046
64444
66267
2445
3493
18619
27545
56436
14962
59223
69091
39095
4726
38816
59151
27794
24013
45507
43066
22168
40742
50606
39094
22539
14555
14282
36286
34270
34518
13540
64481
69584
60562
16631
46177
45322
68657
47636
60555
7471
49645
51638
7825
57675
68587
27977
32023
18118
7639
4556
19955
51704
23795
61391
12372
37990
29170
67195
53770
51217
4323
6229
50559
9442
36733
25671
3480
67914
26122
25435
24149
29791
54528
17068
61083
405
56129
50727
18978
53987
61195
13481
50723
47025
48318
59278
57694
61295
3030
11134
43595
43262
9118
56923
48700
8863
25088
3557
53280
67322
61329
14321
14055
47750
61269
41955
19723
65217
7756
15998
24940
46599
56170
58619
22915
2471
33984
31263
47362
21559
56398
4755
43067
62655
1639
62759
5287
67816
24291
8586
9205
21077
68011
63607
8313
32665
2571
57849
60821
59510
6598
43164
45343
9193
218
421
46017
32978
38738
7481
19465
44103
37466
67907
8862
59535
68296
13473
25835
6741
50535
49090
5857
26824
39767
5547
25590
14166
34140
69054
64742
43923
56374
7734
20355
36646
54376
19697
22795
56929
63294
69627
22658
3094
44038
37347
59382
12263
32339
11606
45817
25166
52147
47683
40867
68869
2394
19641
29990
8025
54141
25423
51837
48126
36644
48059
58261
21274
4278
25655
57651
19738
62474
55778
36302
50742
20235
29319
44311
66765
45718
31216
59526
60764
37422
58999
14491
26402
6173
58335
32481
23989
49955
41074
61664
40067
20143
24609
66990
15388
23770
15267
55091
38943
18117
33630
64862
61727
10112
68382
68151
53585
40481
61714
65283
7052
46695
27075
34218
61827
19943
65765
30362
18979
22187
52110
64426
61926
33271
24079
63550
14116
42482
63606
14449
54912
41835
22615
38929
43295
21007
15156
6791
39623
3558
38183
18778
14167
5271
36418
11953
23074
12278
21799
44662
50586
24515
4762
36887
47667
51538
6958
48655
30610
2716
18892
35259
16775
60746
11762
52111
41615
23717
6333
29202
42043
58098
25795
30841
57870
53339
25675
56131
28642
5206
46452
67704
46669
63018
64864
38869
35773
12103
50394
22441
2659
1614
30589
64155
67052
16991
48209
32655
68343
23547
18277
22564
58283
25115
66992
22789
45442
62239
56593
62577
29747
9446
14921
16047
49044
64899
32242
49839
23793
45257
49609
55518
62111
17483
33207
574
46288
13531
29162
22675
37280
50166
55915
60554
31969
62639
43186
40880
54186
62543
64997
33237
25295
44761
17732
2843
12919
45670
48531
66203
28822
2599
60202
61635
10232
31857
6699
21731
48335
45530
26827
34613
53329
59306
64227
59735
3663
41075
50104
12922
47141
3330
53063
9607
27123
38018
21078
26455
48817
17636
48246
58379
47927
68079
62961
8026
41837
53549
66659
15509
24942
12981
18977
28462
32395
38495
42921
31960
26916
45187
4604
59802
49343
53547
28419
45567
21395
24826
13319
18344
42939
18762
32190
69055
62822
56426
53667
63575
11607
15154
28586
2799
23289
56403
18858
51338
17473
58849
42490
65619
10330
33301
20110
63339
346
7879
20784
56211
13769
25429
36717
21378
32396
47577
36711
65750
44553
48819
22442
47365
27458
29843
12344
18541
43592
9098
23247
7220
25659
42439
69492
34098
61251
26986
66433
34725
39879
24603
34369
47462
17952
55912
37615
57230
53038
14256
42587
18779
34965
38635
22381
2598
68796
37484
27027
36503
69658
63462
4263
18061
16592
20584
5732
16818
49059
46370
66281
28175
66451
25630
65861
18728
20041
50827
24237
37606
32666
3825
54443
23062
25714
60379
28535
33300
13318
51535
22452
12227
49067
51289
57713
59574
15029
29407
39953
28551
12554
68327
27129
52757
31955
939
41780
62428
1653
32726
65253
47533
25958
19527
9006
14464
38931
46413
19501
50905
41891
60800
24628
19221
6408
31039
53047
24351
50204
61937
2370
31699
46963
69493
30230
39870
23297
23424
66422
55035
12737
69127
60367
331
9557
66695
16232
64059
4606
5848
17475
19386
53559
35306
68503
45601
66614
22661
6033
17965
38078
31395
48755
36547
36444
35032
42233
24284
67115
288
10511
24085
221
31211
44007
68909
69343
33325
34782
8514
43698
15074
42107
41509
60547
61323
14998
20869
33135
12983
66485
53395
19188
29533
17375
47356
9813
62126
11627
40035
41851
22206
43543
53024
41634
5849
810
58843
9727
28546
49483
14541
15819
5251
53693
37274
18192
12920
44243
19474
45566
20134
55531
46989
56273
4777
41295
57499
66991
68803
56482
44757
6205
66782
31093
54863
56334
39405
857
55363
42623
23454
47188
37094
59563
10895
49268
30047
3492
18159
49002
3281
2319
61678
40294
14671
68347
18603
55940
17888
61891
62127
3762
6130
30391
16233
26601
24916
19954
44318
56307
10329
25222
15919
2615
28398
15110
30961
50299
28654
2847
20292
54596
35058
11221
64434
65713
66131
22314
7657
25834
26360
32046
9873
62730
22315
4347
30114
28681
66623
45613
3134
50211
57873
26431
66703
44036
44704
38660
27400
65421
27860
40188
6668
17248
57672
11656
58784
42452
5968
27784
43188
5966
3979
12158
8189
51534
32952
37883
62599
30118
22835
38814
22546
65470
19879
53567
49126
11071
3214
58443
35716
55519
45103
49683
38322
44049
38079
62212
34306
51639
43299
61246
14313
26072
9129
28643
50233
23198
14663
20796
24109
15562
25823
42723
41889
50426
33970
29219
49471
2560
31217
59503
31185
37095
19061
12812
34096
65433
20903
53276
26159
32859
3978
10218
14754
43127
20363
12127
64389
1539
41493
20127
3195
33582
2929
12686
55391
69412
68383
54909
30834
1302
4371
42637
29570
44259
60620
49359
25588
43411
55914
5653
30505
64650
54510
59680
67053
41563
18145
1522
7923
20215
67083
69052
66981
33518
69514
54630
63562
21486
2195
51178
12826
33791
6361
8302
17771
57065
40694
1731
59034
38446
47558
11276
19596
41636
48792
10764
52572
5304
35784
42352
19356
69549
67383
7110
53643
15127
50425
52954
45671
5161
34649
59539
6058
10467
24473
54048
15474
47461
9763
54875
66798
50714
65863
46985
63182
25223
20492
29090
63754
56281
34287
33875
8917
47377
3661
9511
50601
35130
40399
55724
29296
38362
439
56529
34517
6837
61167
20723
57279
37164
26325
43038
49522
13118
56409
46597
68025
19079
16518
67713
56169
63357
17179
35437
34301
54220
39551
6243
62066
55289
36511
28657
34766
39234
32651
29298
62121
39473
6084
11975
1099
53878
48586
12923
65565
6838
36607
62351
51490
66832
61332
17112
16860
20198
39751
30139
38007
23346
41685
31898
49091
4009
51393
36056
47771
938
50009
19642
25434
60385
57673
55439
8787
7247
55387
36831
66426
62554
45363
6577
11373
52886
52650
40981
32754
1985
59186
43260
7493
3004
9953
28507
13510
64020
61245
53406
29464
13787
54275
68610
34907
66682
9634
15791
50424
7
53378
24116
5661
9290
54779
15319
35990
10927
57399
49506
60537
57231
63549
4818
25957
36313
57631
47202
11935
68094
44258
46643
22659
6174
19544
57738
31467
22978
69555
45891
6113
58782
17877
34305
66143
47043
42455
21975
13530
2104
5142
55814
35663
21269
37769
16007
30051
7339
17185
33580
13786
15504
68557
13509
16157
15563
17023
10090
17739
15973
58263
7622
18743
7846
55987
6547
2260
26266
38463
1301
4137
51585
21963
11505
62109
19734
3171
23792
54116
41879
18686
61281
53334
22532
41834
28474
18460
8682
49263
14130
60986
61377
27289
22035
54106
65357
45614
40104
18183
582
67153
18661
36226
38787
45896
26665
27042
64875
2798
20969
18750
41607
68137
2206
68704
56274
46692
41830
41827
43950
50223
65269
41794
56695
1923
12027
41523
60691
48530
4905
59882
24873
15111
1771
33517
64715
44967
45425
49055
26422
31499
62042
3252
3983
49607
38486
46205
34979
45993
45837
39359
31743
29993
3836
56848
67160
28384
68953
21488
30740
66047
17003
58211
27292
5219
57588
9736
34735
43959
51438
2570
47948
40920
59212
41481
63019
21745
60079
18141
8271
63447
32542
25789
3503
9131
37406
55089
11222
56864
55699
66758
43639
1289
41367
32543
26015
11170
50403
38092
6697
48847
64649
14111
61948
40031
27378
24510
34728
18675
36102
39167
9923
38974
8019
15997
18895
21065
32585
66335
10658
68471
8567
41415
69369
16171
16411
7951
15202
52674
6003
29569
42418
2019
8623
44201
53219
17571
15317
8587
13117
30569
28060
33713
62572
25617
5682
15225
41606
16243
22338
50148
9381
61275
54755
12708
19062
51491
22627
47722
53456
318
24186
15235
54690
22137
57731
27678
21363
9679
16626
21857
11974
27233
59675
28367
43234
31922
24627
54561
41092
36533
9616
68927
57788
40788
37424
44534
53191
34690
68780
32160
30738
2336
12014
49543
46203
44326
24610
40114
19644
59123
62558
66326
2326
29827
11285
37306
25791
2782
59201
28255
16797
44611
26140
48230
26863
67446
3215
38499
56943
25706
54634
10526
5867
27156
12174
8311
53785
13551
57371
13550
69478
57498
47926
22790
56990
16022
2868
59071
34679
68007
6940
26371
27062
49954
7202
41551
67875
21362
64173
28047
50531
9202
11624
1777
28889
59003
8369
69342
50292
23484
56756
53535
24163
60880
54895
24629
57266
68257
11973
26370
67995
16428
53347
6362
50681
19665
17731
14000
30506
66622
45995
25326
33410
42967
53254
8270
11753
34567
12679
63523
37405
6602
50421
56501
14186
20625
9434
69659
38930
49542
52113
14390
21360
66227
61386
4081
56802
63813
65426
51931
34491
52182
53681
50826
8465
3462
7275
58252
39047
14277
68634
25611
43718
40171
13737
7886
11424
26195
232
61927
49984
16262
52115
68520
22339
12811
34614
56723
20697
47283
60498
27850
48431
31253
5591
3660
21076
25253
6152
45775
51301
66147
23443
12329
25340
24859
13204
363
16163
32661
24408
51323
57381
18319
20395
4255
41522
13466
57762
59004
50844
55679
59277
43393
8678
61733
30591
36942
58437
21935
46874
53379
25039
38607
35843
45774
52981
28441
51087
28766
31996
30081
6641
42053
48501
40494
18030
25968
30670
27503
42491
16351
42691
28767
34623
18151
44168
7120
42726
50130
16803
2860
60549
18230
30832
33922
18058
67904
48500
31789
67919
10835
68846
32983
6546
49981
54729
47559
34251
8939
3542
61531
4065
48959
42411
25500
65962
12431
69187
25395
50034
9922
38017
499
53088
50472
50952
15333
14407
39851
11954
66693
69695
33698
21011
36821
8519
20450
3851
5589
6706
66851
15153
28055
68789
4115
28115
14922
50464
9776
32586
17482
2297
59422
15802
3239
14515
23693
23771
56349
21006
52955
39250
10575
68870
53749
37223
4261
59781
24983
59122
66579
16095
49666
51147
15030
13111
47579
59511
38581
3238
48535
35982
59764
59406
15938
31858
41335
50889
14550
55812
21934
28224
41055
55299
22530
39055
34362
50534
26437
43142
65671
37465
47399
35662
17559
30735
24825
54513
16796
573
52219
15789
45196
55709
41294
16377
8894
56375
23169
61639
22390
32774
50835
682
46791
12665
50747
20548
38158
49260
7195
61540
10987
57874
929
39447
13047
22154
22639
64014
47591
12779
39249
31415
4754
3705
15770
52446
26446
55950
67321
3404
31171
2487
43143
13154
69793
42322
44443
34122
48638
14258
12266
25875
61296
40591
9175
27221
1888
6442
12747
60451
1654
62323
34715
48663
53750
54862
29891
51587
48135
4931
2951
24078
47734
498
24469
28254
50376
24953
9812
46832
35838
40695
2962
53670
54334
27298
61147
57903
8371
13153
52311
18130
26934
9133
15443
37346
39952
20095
22150
11220
7233
49944
40572
48944
57802
69638
40138
54015
52994
23440
66953
41930
7730
66534
66694
57511
12047
1290
32933
17040
44902
29299
21637
4865
39871
6035
41931
64981
25539
24999
774
28311
51086
26637
5139
49627
16703
52825
33430
54563
19831
13879
41967
8683
21038
3919
34691
17446
32534
13650
48754
15198
4851
55890
43199
30833
19732
11770
29022
63739
62264
57510
7607
39929
31038
54633
49295
54582
39750
54495
12901
36721
65558
54547
19687
36289
33157
52729
50205
23594
2249
34563
35823
68470
19139
27743
13667
20626
44322
50599
49267
65852
8577
54710
13959
13850
44830
35195
10071
37879
68618
55528
27643
16242
57126
12439
8494
6859
25890
14709
67114
40831
59489
30050
69691
17951
15784
34489
53096
7742
35308
22383
48559
32783
38634
14228
21729
42284
69817
25631
22330
17799
58137
32277
62656
58528
17293
58805
52209
50006
6642
60839
54506
60223
4834
64182
66578
64190
57066
14799
48818
57063
10510
31066
19303
68839
61173
33270
47142
37631
51111
53071
62555
59549
55978
6086
41480
56000
58591
14578
856
4262
67676
57632
40435
2993
56774
20566
732
16453
55635
15037
36213
16167
68246
44202
52348
4176
41973
43719
69126
14579
32778
46388
47494
57707
2037
39170
42531
22151
51205
12274
54709
38023
65345
26311
16358
45970
68881
275
29882
18128
18587
58042
45529
58479
42727
29199
66263
58756
27859
3959
8679
8739
22316
25929
61637
50071
37927
57789
7761
54161
49293
68890
45555
29463
55171
44242
1198
21377
7147
39181
17013
58282
65079
19999
27397
34217
17954
68791
68294
2781
9675
61227
54319
43467
37905
10971
26310
14460
56502
21186
13826
6724
44610
34423
26602
7305
38462
56200
41860
52675
31390
12531
32165
8687
41708
56775
5894
57403
24947
54894
4244
3482
61322
58219
58367
27502
27398
31855
54442
47366
39718
54077
20216
37259
61720
54859
31031
19378
62546
30135
40331
34562
42776
67120
42966
17194
61940
29907
34678
34494
22149
9192
48875
65578
54861
57206
23347
14567
46962
41083
62921
16879
57310
26666
55701
67345
47457
65268
56888
47149
67201
13024
22529
29091
23939
10865
37959
28334
2070
12430
44822
11890
37027
32779
68962
59307
39969
155
4753
3975
41623
15201
8158
69626
16369
67613
34000
6131
20183
33697
24856
39426
937
40727
23937
54326
33745
46229
379
63333
39697
3656
30107
30356
22331
45554
40959
68275
39178
49294
5111
53046
4306
58841
4415
69791
16459
19588
9954
30103
69023
52043
65281
24326
55672
50956
16777
15414
60261
51513
54142
69120
34022
37041
53025
45682
23979
1753
57518
44099
42725
8688
54474
5039
53744
67200
47253
1931
34409
16837
29173
17843
68680
62934
37831
54470
54357
29766
11206
22589
25599
24414
42695
7887
46007
496
35772
1538
21615
33799
68781
55788
35290
53130
31923
67915
11475
42798
48439
50795
66597
32943
69585
29886
53131
816
38076
15036
2963
48597
13528
3207
67810
31413
21991
66395
42214
47143
47666
56939
48931
20587
68523
22834
41635
48043
44609
36537
47020
6626
58863
51578
23964
32725
61947
24391
69847
2113
14120
11069
45980
31466
19138
68274
7338
68299
57723
62475
69107
29342
37768
1698
18857
46671
4986
27900
3847
67346
48007
54546
11775
24848
34751
20519
69648
4901
639
26664
67641
46298
37307
65583
55951
35726
45564
8350
36131
10418
34370
66303
55754
60124
1097
59770
47606
33307
51334
31199
13782
61781
17399
6579
36215
18883
69639
56041
22139
67043
18059
68714
39784
36
54228
38016
43544
59880
57706
30005
58408
33787
12479
41224
28131
64172
2018
41979
5539
43968
9555
12095
18419
52839
46558
69067
25979
48156
19733
14977
53248
28473
43951
21037
28129
32925
18131
61803
50547
25167
34299
14986
56622
6231
66781
9306
36647
36718
60693
32362
46738
43294
13358
2910
22922
44203
64706
51927
56069
35813
50101
41365
61986
28508
50102
14280
29715
50546
54245
45321
22231
16543
60262
10044
1064
37350
21368
25530
14180
34786
1684
44323
51829
9478
54578
27948
56713
49821
44171
29534
18241
179
22610
4778
21849
56455
31159
25749
37299
68256
6482
10970
58618
47709
48247
41781
42650
33758
44496
19878
68656
60731
39006
48587
50111
35387
60187
26723
1939
28381
50467
1098
43695
60899
6740
56721
40034
43905
51537
7656
16885
52354
26421
10274
38140
65103
24767
28863
27581
387
54795
41566
48041
55176
43471
64502
8190
22947
21825
24470
14240
25113
271
16086
12487
50705
40058
7483
38302
17027
53558
17637
22046
54770
24187
32411
16009
66843
35241
67905
19433
46877
25687
9096
31021
1671
32982
68205
67237
41043
60471
3483
31198
65082
48051
5125
14113
8418
42489
41783
27054
20839
53312
51528
6220
54195
26121
32269
32499
36681
962
29887
3719
2395
39847
48598
35725
55301
5523
7789
62622
43298
3674
40693
61326
42943
54931
50370
31786
17839
47004
40493
17442
40426
42419
63630
59657
37279
48101
68155
57722
61097
34675
61638
40815
18057
64503
58260
29433
15983
44915
1941
32149
39005
20881
39182
56251
41550
6358
7046
67317
50651
17387
5805
41650
42052
3206
2902
66243
32608
13710
50008
68038
64145
58530
66057
22034
17570
64238
39238
66442
30363
3481
47211
50585
1866
15581
8007
62119
51262
63737
33140
56120
49880
30799
25075
18928
67642
15008
57927
1867
2349
45630
47733
58838
6207
35743
490
53666
26089
33001
6674
49674
29467
10649
18078
9899
14796
67203
23725
15561
360
57906
43212
49079
3941
18222
48042
69789
45635
41236
33987
67795
57003
9606
50507
31707
42864
68615
25549
66958
19054
31414
58885
3772
16830
8419
30807
54754
9710
64254
48919
7333
47898
9203
52532
63077
18427
5015
69109
38648
23806
37653
44135
42049
4294
69751
41119
6934
8351
21739
38326
14118
33555
49945
58237
31900
9685
12011
57946
41414
58950
10650
66415
56079
39349
4780
22695
8707
34105
21542
38815
61774
35154
36003
420
20404
13110
68778
55273
9674
58099
61169
43932
3459
69843
3721
23256
69625
14336
20460
30366
13046
7203
44824
50574
41919
11816
21079
4199
18583
59502
51274
35830
49335
27428
51434
12322
29798
33493
15972
63461
16795
10156
50173
37237
68019
69243
49624
65963
59635
53381
4308
49894
47099
31854
42353
8318
60692
54358
39690
25271
43710
19407
39809
57668
35697
57737
17395
6359
6527
49379
44826
23907
41766
60599
17950
61494
35556
29478
561
49196
33757
60450
44541
30013
44223
22914
37629
46126
31331
68260
22817
31998
45504
59783
36463
25111
1276
63755
18331
55965
56083
58937
15719
30473
60909
48650
34415
25147
21840
17292
28930
29535
52842
40165
31262
47695
31618
54098
53321
22770
27035
18947
45033
2877
59656
55186
67513
4344
170
49739
4863
67309
1457
55646
67811
42111
25908
13827
42991
38663
34035
35099
41905
11489
49993
10617
22547
29196
49201
62651
43322
12863
52375
58217
9309
56498
47721
6201
60455
2446
10144
23726
38303
64713
37351
17769
14797
41077
7871
62198
15318
38799
67667
58928
19024
13958
3943
38152
2725
34953
65877
56425
63667
60183
69053
26123
69225
15578
23032
16963
5824
60701
57515
46861
704
33746
14371
21587
10353
25129
31787
37451
67042
30896
2701
5817
39722
31183
41467
23138
10465
32365
33921
12010
68381
55272
25130
6743
23383
12842
51064
46710
42883
54318
2558
26255
35144
20169
40070
64704
32394
27214
44098
16079
17970
53519
25619
34268
33400
15626
29563
1787
63046
18836
61561
55277
12410
31742
59035
8301
58753
63849
68931
32839
57997
17859
41590
65298
14490
69414
12195
58973
17294
7234
40961
24297
49826
55909
36512
52118
51766
51581
54883
41435
29335
66421
55398
65862
26921
45420
54273
37958
9495
60538
12394
27679
15009
26791
59458
34106
34769
55601
57519
8357
5527
28653
47897
11102
18364
38606
66955
12323
1699
26551
2870
6459
12279
66571
29667
36083
22298
20642
55502
8115
19691
39766
29735
6085
43187
4264
39096
9323
52053
31182
16936
62162
68776
36472
54589
47256
50533
22239
67402
19785
13851
41167
12452
43726
60420
11650
36270
10619
58391
125
52504
24770
1927
55874
19914
52885
64051
51453
6111
67591
171
2871
35903
21719
11817
40231
24093
37440
30934
43129
33026
40166
63883
27880
14306
49915
34351
19497
13707
14721
19004
50027
47367
28399
31589
39611
47899
62122
35815
31698
6
26789
4247
47447
62120
56068
63047
33958
15003
38103
52205
64687
17981
930
29276
16980
36310
38143
62966
37078
41093
60031
52999
11831
59867
65590
29767
14713
55194
37865
52528
44829
46131
48870
69635
52818
3
35854
37684
69531
63203
64979
12319
21309
30469
65875
38737
14803
66983
8873
44578
2032
38180
60713
13160
2954
18956
42389
12343
6523
34920
56747
7306
54099
327
7274
16134
65198
57400
40563
54034
40835
57397
12273
7621
52849
1725
67381
57272
27873
66434
21471
17982
69479
45403
64035
67367
51514
65577
64718
16378
53795
53566
26201
19741
5225
60448
68635
54810
20883
52358
67947
35301
33299
31619
14254
16170
63446
17655
3302
18995
23453
38002
19537
64209
15580
67465
60780
63315
19222
19877
45175
64452
48967
38877
13835
63609
35661
43593
37421
33952
9117
37915
45405
60067
1216
5895
22479
45674
59383
35917
29152
58487
34422
59901
43502
61530
30115
56965
54935
15598
59279
39446
60355
28461
55913
22167
67893
1790
50605
34421
48131
55028
48389
23636
26203
8850
47493
24724
57991
57380
17788
9824
36864
7508
1040
12351
42307
3221
32062
44425
16084
55291
29917
36475
55469
20076
10190
51475
56819
2559
40470
24514
55106
40110
24967
24175
29400
32626
67290
56250
14119
27074
27834
53671
16252
6806
15101
52163
1679
22839
64611
69489
60550
39252
43351
37867
54598
28753
57650
58314
29277
23257
26187
39201
20596
22582
63992
6437
25110
38493
44494
40691
2815
14999
3543
24287
43598
67921
58478
55125
1427
31451
6630
223
6696
66967
53794
37599
22595
17780
39973
41642
69750
28460
68614
56031
33196
44375
23835
11818
32278
19913
44041
55011
37673
69734
26993
68853
14506
9485
26849
27801
49675
15343
50107
40203
34119
43865
28705
20868
11568
17858
8866
35267
40079
10967
46026
35673
20451
53531
6110
39698
30443
15415
32743
17445
47550
54145
46390
25696
62590
65279
41161
25746
44316
4809
42243
33379
63460
2879
22758
31235
8385
39346
11147
20475
44142
33971
58410
46712
59187
51452
56252
32535
39235
62658
15575
62786
42987
68612
5862
21469
34107
16085
69210
52031
36450
60945
63738
46899
48869
31339
41591
13913
12995
39287
44387
31999
38243
19874
40157
68519
9538
43261
23426
48705
54209
34180
19223
44774
57358
5721
28839
20097
16199
39689
65293
26278
12887
2631
49738
40434
47682
4218
35271
37614
41833
17389
42311
43602
23886
20821
66282
13227
47757
59462
49357
31450
6532
19573
54814
18991
7371
797
18258
45987
47051
28350
16103
66334
46628
21227
61179
59160
63102
68830
62279
65031
34966
43110
28333
69102
13731
59295
3890
53216
9083
61938
38359
11860
60823
16426
9350
19406
41661
46810
68346
29056
57095
26418
17726
23894
45994
5146
17263
31375
8884
25639
6695
12281
56034
44426
32938
34490
44836
49700
7304
9215
67954
55739
36545
11774
14775
46025
44035
57947
7021
6994
57605
32883
55725
65890
1805
48329
23244
34917
13908
69312
52958
49911
4879
46979
49443
186
12226
20769
12275
12013
37370
3631
11652
28366
17827
68929
9532
62784
49497
54360
20142
16975
58338
24147
31245
8867
32858
11778
54499
69507
64880
38240
15043
42461
20698
6480
50750
37115
23715
26265
22719
9406
62349
57114
25729
41384
54581
23702
67659
923
52721
49225
17113
17022
37222
42106
17031
36220
19045
25036
53153
63035
45939
44912
27916
8412
57398
66667
57693
4370
21718
20517
18543
7588
39283
67815
42603
60378
33303
64977
34971
58309
62935
22226
33870
22854
43634
33227
36244
10015
2961
35787
62821
20182
49515
19434
10466
48323
21379
58403
55959
34683
60926
2375
55631
56283
57274
45515
46750
44743
16326
21903
17638
24649
55421
853
16986
5618
52343
57743
3282
1543
59525
17742
38604
41166
33709
29163
44913
62038
52819
5154
43813
38753
18357
13785
9660
39608
35204
53556
7883
55790
60660
16575
51131
44097
7482
54446
49281
35660
69600
50471
25658
24521
24766
3766
63574
14987
39955
28195
53415
298
55179
67955
24108
2228
58218
34689
12650
29399
52181
3410
60443
21736
20854
15486
46762
18835
36832
37359
49499
386
69203
694
69025
4757
11934
4206
17443
2020
1454
14875
3974
26186
11135
18079
10783
40511
22785
26639
27888
42082
40902
16284
39063
38813
51232
45531
50766
46105
27379
50179
24870
59477
40575
2202
61268
26587
45514
12530
68508
44381
12298
18314
43657
33610
2245
50165
40557
3045
49127
41529
58365
59460
41276
24706
13311
69850
46010
68593
46730
12035
1207
5967
42304
11207
31987
9994
43635
42719
32489
38498
51536
41816
62110
41922
69
38863
5548
46737
38245
3675
68575
19722
39449
23755
51830
18418
12379
3775
8235
56623
16678
36487
42585
20838
46729
8222
34097
40577
35069
4909
2569
18612
66979
26841
20669
54108
41823
47551
62217
60302
44914
13720
20650
43599
41723
18795
24979
68006
62657
52060
54597
36936
63571
34087
53089
42040
65977
18935
42230
11349
58162
5363
8890
55866
41915
60551
34727
35390
30049
486
63323
42602
2859
61769
55634
9955
48196
3525
23754
25621
65383
10285
40020
53642
59878
67994
50524
16424
545
32926
17738
11543
59158
55116
31908
41307
69241
13549
31407
59719
45633
22879
46642
67308
46709
1511
7390
68218
38557
11414
44881
43839
46130
8668
66091
54713
46773
65394
66984
51307
38914
10129
66669
56411
68333
57869
8287
521
39998
7229
2341
36198
7747
10217
4935
26034
66393
5974
1463
61591
43293
17857
60297
29566
24290
17648
40578
26179
28867
32097
14631
18501
29941
62989
54471
30489
38891
68450
64289
41890
27936
47748
57124
40113
3115
43302
39717
50509
30014
30275
50831
39219
60026
2777
57875
26822
68143
40706
8492
68793
63295
63863
12821
24445
36330
34915
33747
68433
21851
19435
63993
10570
14389
59016
42859
18761
22535
27063
52427
36398
58037
55235
29440
64557
42301
8622
45313
39993
15234
895
5861
55090
8860
64425
36079
68091
50404
7979
63334
20047
23533
19871
52959
46119
67418
30138
41582
6147
53851
31391
65670
36393
55878
61144
62881
47938
679
63611
12183
50170
23938
65111
2134
42379
67320
16350
43329
25550
50469
25269
46326
34913
25565
5147
17879
36303
13643
39054
30734
36492
46389
27237
24015
57179
5702
17005
7583
34903
14691
43827
55234
27236
27677
23009
41673
16338
65477
18426
7797
5261
65302
1136
28787
26097
25509
32466
68930
15807
54714
28096
60895
16594
55407
45519
43773
16020
16164
69716
21168
44437
10380
69184
56046
36561
60283
48727
36195
39493
4155
1144
68451
11746
22855
55966
38841
34785
64063
10234
59002
69477
65395
49288
54447
61321
17002
9326
19301
25131
39059
61800
27316
23390
18575
46009
21325
29278
24928
222
61182
38289
13372
43948
45634
32290
29799
9097
12543
69536
56101
63610
59717
4154
45697
44540
12735
27373
67143
39768
55674
17639
50821
3401
48593
41638
42321
25394
22070
62583
49525
48619
6312
69515
41942
32981
365
25266
56081
64905
62007
50828
53365
22377
681
33330
33467
4779
29953
7370
9425
14117
66427
34149
66683
28650
2819
7250
62079
19105
37044
12678
18519
48175
22169
27239
12798
50506
54976
57678
30585
63657
44495
63653
27559
7273
26194
61829
61143
44650
15618
34929
6995
51754
6015
1859
52180
4847
7472
63011
7869
64347
35391
38523
43065
52752
62515
29204
11048
11891
56103
64437
69454
44655
60219
7486
22967
45698
28231
56898
42354
18193
22039
11332
12021
68570
12770
44058
68845
25794
12201
60199
65478
18366
36679
65294
32150
3017
7762
54745
28866
6123
7061
29007
39915
21558
18557
34360
49964
68715
16261
60616
18985
69811
42601
29562
416
555
9289
2164
67435
45667
36891
66545
31739
169
9043
33315
66090
18707
67020
61247
51119
17122
17094
25293
26031
27507
47335
24780
52734
26277
36118
65145
31865
43255
68574
27979
2205
8742
39010
53030
5745
35992
51654
21571
16786
69213
62654
40851
5739
62919
37443
28449
24779
38441
43178
55794
33141
26124
43866
18894
45615
52816
49454
15276
57382
58492
11155
62359
13768
55595
37887
46158
64367
18905
66959
64976
5059
6122
32742
23299
46151
28206
13645
46018
30454
1166
1678
58331
40690
9639
49394
36890
61824
36622
58311
19685
47334
43037
20337
25459
38556
4293
47657
46183
24146
59366
42620
49123
30558
18641
1791
655
7487
36682
46065
47389
28385
62405
1922
32550
28890
21173
8077
68090
47802
31934
29721
53045
54688
55949
39877
3060
22417
34410
16102
46811
5484
33530
538
2771
3139
25891
54403
53509
14391
61941
1167
26324
52015
3494
37874
39954
25095
38314
28509
16169
22660
32261
35562
43721
41863
49657
39011
8751
67873
68449
1875
20518
27457
66767
66994
11286
54635
43995
66164
9870
59365
39815
1389
62796
11447
45327
4159
35426
23504
61327
11913
37654
59951
11559
60018
50297
811
28957
2858
61622
47884
65420
1673
64302
22470
26959
12059
16505
54849
