38647
17341
13704
26386
6046
56222
54609
1525
35002
33978
24633
62115
32906
23445
28808
21648
40909
43336
65348
3440
4728
46831
27587
20674
18505
24492
12061
36793
8563
66093
65737
3291
16992
17518
3093
12312
29624
30347
37795
42350
51484
25149
11737
15279
39506
51895
37747
33063
41030
3052
51304
66473
65908
2281
40674
60159
47224
43272
22218
51962
38405
28956
48232
60500
57888
55988
69592
1400
59472
49572
59800
31992
2924
61620
48012
16444
69660
54260
38492
9312
34172
40736
11292
39968
8456
882
64422
8956
42512
30803
2836
32842
17189
66684
47229
63854
24036
41358
30885
21018
47878
48313
42392
949
3366
33277
35706
6690
40254
51853
53149
24657
27931
22396
25367
25339
50280
59398
45129
56682
60615
44664
30176
32716
26561
27087
43027
29592
47425
61865
45689
7176
31891
65982
20876
40518
53132
26067
47625
12743
6044
29931
45967
3544
28298
30518
25626
37786
3669
59454
15182
66917
4789
47562
68974
44354
50256
55337
34463
55609
19966
12546
56639
18384
45180
7348
20340
52222
31300
5073
62497
55330
26682
63494
5168
43748
54487
65334
62852
6818
65859
68560
58095
1815
40353
59811
32854
35723
25935
32422
54102
54472
58638
48155
51854
41848
14397
7354
68488
62169
66094
59037
21046
59706
32459
16418
22485
54556
41454
65305
16398
33432
28565
46906
37173
58044
12112
62900
19882
1950
41538
10278
53092
61593
39469
27032
3315
3271
35165
47236
7288
51193
16674
1597
22127
46473
17634
13148
26750
50588
45676
30408
69830
39302
55268
37129
5097
66537
8665
60636
5329
20184
33914
69252
32440
43656
64912
54448
26260
46185
45411
29421
51125
29373
20417
59745
37409
10241
38072
57014
22042
56680
6463
2125
26147
17423
9168
45844
64305
49921
9266
25775
38358
44600
21741
23815
58716
16122
21221
43427
45080
2621
25664
6819
383
10605
40733
9892
16099
58011
3679
52911
12199
24
67337
9594
33409
53967
38025
29740
36640
21441
7065
52678
40565
13321
294
30283
43412
14608
50779
22489
36694
47791
56618
9764
65465
51725
61506
10741
22542
62505
9833
37661
48982
44787
47166
22955
18300
68638
66406
6877
52292
1686
45328
43392
39288
33220
52984
42360
18798
55061
44482
62097
65017
51473
47421
47581
33414
4941
20738
59964
62664
1662
67927
68784
7177
1814
28213
14629
14227
37851
50483
28082
50749
65137
16217
5510
5709
17681
65717
33694
26534
32884
55294
49437
61957
24742
16824
34094
57653
48684
44789
38575
36139
56545
16521
2289
29789
34066
37017
13664
8240
13753
9802
60456
61446
40190
52267
63533
38229
27268
40092
27040
43356
33184
3892
15656
11388
25276
57826
59097
55771
58658
65333
33760
16190
9269
62498
37382
62486
24572
45813
42001
51589
14396
51361
57104
26751
35967
5401
26230
45329
30421
40206
29781
7838
15869
62027
52175
19931
45489
64365
34995
62851
62209
29878
3509
41031
59705
8278
47471
31425
58737
44146
57828
44813
17132
4843
63171
5550
11160
65241
9592
599
35564
13717
62685
8277
68753
6296
39240
16553
16756
18297
402
62853
24640
32123
11725
8769
43476
45260
47424
14354
62510
51341
39938
66362
7938
26295
64737
32969
17645
32748
35085
10891
66019
46894
4645
15125
68454
15586
40278
44301
244
47852
55269
32109
7106
33621
47430
8438
44685
12988
58723
54222
42160
13029
33060
20514
10947
30446
45161
25883
8512
26164
47924
35984
69619
30122
28272
35449
9356
3354
45493
38776
62858
35791
29378
6979
63007
29015
22208
28251
62485
48312
13924
55734
17273
3623
33450
5370
17582
32402
35722
48592
14833
53916
9936
18631
17722
46014
2527
50810
22433
50443
60317
43490
4804
25898
32391
6568
12925
4208
32588
15282
17836
60769
15725
50566
41008
30038
68581
41190
32645
12214
31627
42376
49188
43026
32305
53431
32119
45473
38910
15611
42132
18417
42369
43753
23328
67107
33678
22773
14067
65991
29904
37643
18163
11985
61692
38608
40458
57913
63944
39071
52418
6768
29013
39322
67909
29650
49298
29658
69772
952
51499
4685
33225
52480
1473
18876
61933
38540
1849
23161
12368
1027
34901
49000
13270
60768
44335
1292
57548
53651
1810
40361
49926
63779
16656
28417
22180
67233
47308
67437
38679
7067
51015
51658
39040
60916
62487
64695
68976
36073
61554
50808
33185
59481
25387
56450
67985
21429
49277
7653
48149
63580
62268
9798
31887
39859
8686
6513
12891
52198
66037
48151
32647
25445
60941
1258
54022
13453
5634
49896
35595
8421
10198
49241
61867
14680
27350
63615
50441
13966
55494
37023
38090
25932
54796
59098
29118
12609
38713
52153
51953
51768
29155
20991
15216
25092
40912
33957
15743
19283
48827
31401
60384
68428
6865
33974
19016
26560
30685
31426
57553
48379
55329
15185
2186
39323
14593
14832
16113
22015
6691
59106
15542
55454
31113
13320
56725
56323
13987
29432
22085
64970
69098
35497
30687
717
33579
59105
20906
46145
39377
18340
65459
33004
9239
37537
65790
31881
33597
66348
23589
31398
23567
2008
61990
9859
33477
38716
31574
615
58776
40532
39198
48614
44552
46885
47145
33975
18233
18345
34462
27694
46080
34319
14862
51945
40305
8658
56311
30548
34868
64165
36633
43141
19585
32664
24264
25782
31842
16180
23813
36550
15849
64076
53540
17607
12290
60001
65970
63555
6881
4551
19752
12561
56654
57957
60725
31812
18832
24101
67748
61068
37494
34389
22730
49100
55738
61780
6431
10840
29617
34388
48601
36528
52873
1002
14600
30686
45509
49801
35091
13011
37893
56077
26743
49365
33929
8698
34578
11620
66464
4422
13817
55760
33064
10373
25461
44282
44394
35378
47952
46000
40908
29016
6972
31748
50052
26957
57598
4464
51574
34761
7751
13369
3434
40364
1533
45376
7297
15489
54340
47169
57831
3355
61861
47174
44591
9333
4313
63283
870
46983
9950
14492
35312
40684
40550
55271
8504
15183
29583
59283
50809
67212
6452
9920
3913
54870
49642
35764
55844
448
52677
64115
33944
6878
26268
14188
31288
52926
42192
34989
27668
52366
33295
5249
34358
35549
30522
62137
46650
11342
65966
5553
8336
17792
28513
56013
45880
26458
2136
49026
18644
34393
4148
51504
69503
17357
9171
64789
14360
13625
67301
31612
22459
25456
6967
41029
19858
48453
51328
39103
16805
65019
27145
35304
2764
22126
15481
10957
44525
15462
13681
16223
29743
55906
2049
49423
66054
42202
21252
65611
24673
58277
41431
52463
51636
15797
60407
26009
12656
7712
27056
24372
39256
27160
32236
21244
56644
15141
22652
23998
5627
22293
16076
32397
47012
9848
4677
12888
4887
38996
13439
5628
32652
62454
48611
25389
38970
35576
65036
2403
44683
8697
38118
5834
41543
59453
39431
8284
56208
19493
24484
3993
1832
29817
42370
39614
50699
8455
27420
47928
35249
39278
6308
53701
34095
55445
2243
16557
67931
42168
37205
48508
47706
9101
9100
40009
18185
22676
13631
12767
57013
7285
2242
16469
49410
31440
60904
52801
40211
50817
36909
30146
41629
8790
61362
61997
61866
61079
15320
56248
24730
24150
647
12911
19618
46595
6978
40599
32640
2927
63468
65222
68980
24217
53613
43945
8368
68689
68425
13069
49468
6172
58728
21721
7932
39655
65723
47959
17774
60771
50330
37410
51422
29355
35666
61312
101
49119
48877
15430
51526
19249
48866
29582
34090
6138
9773
24050
49238
44557
59805
38230
58655
44088
42863
28299
30922
3703
34116
68285
51173
29485
18716
6055
39593
68390
59701
60785
25348
25349
58396
31711
13718
61030
14949
67427
22998
15435
48454
54666
21633
12145
65954
30545
17898
43193
64736
17671
12008
43192
47650
29029
20433
30778
26877
13538
39481
56485
46937
6274
54950
39328
41539
9693
1314
22653
16718
56085
37397
13505
27656
1428
45287
65857
22104
36276
5371
39455
45747
53042
63554
48558
65968
44781
45482
12586
57384
46893
5814
26937
41314
51141
26964
2109
59073
68140
52560
47617
34942
16776
37401
24045
35613
52881
22326
52900
53394
24818
22984
9057
63255
2623
54554
51527
9622
34570
37091
5582
62690
66557
12461
37828
60452
66762
42807
5909
30437
25597
24377
21594
17748
65258
20431
37175
3154
60321
58230
22158
39939
56225
34900
6575
59556
51922
36212
16672
40389
53095
16716
5770
5583
11949
21530
38909
34797
58141
18536
19204
46632
58657
15679
37917
18041
41672
66676
9799
62777
25208
21452
47175
3690
62340
62069
48632
19276
9481
44790
31886
23741
65458
24698
52679
57536
63257
61369
13821
2003
15713
31514
27569
32956
40740
27411
56683
22125
12012
50721
48685
38794
26476
40451
13918
63808
18868
38027
137
2741
9468
927
39528
28412
13669
19812
29188
60752
59872
65512
21160
51236
52469
63429
59262
9409
28716
46208
45274
39544
65321
24456
36170
43016
66311
42847
24542
36840
6275
63968
39441
47624
36637
14326
15794
51938
62020
41298
9903
49328
20002
4425
49643
56544
64900
43102
48152
40457
32646
45201
64511
43162
44589
31290
59436
54268
34013
43237
26247
34391
59327
40083
3652
43961
30973
20418
35835
65320
54367
14740
29377
27966
42484
32189
10562
24337
48778
9170
14545
31291
35209
39936
17682
17181
38350
2187
1234
51182
14234
52258
3612
1592
34737
29948
55770
56656
48898
51073
17861
50457
37104
22458
51049
67848
10279
13122
29330
61890
32841
51597
22573
26280
57941
65114
3691
8132
52403
31486
40878
38219
68402
53120
6928
12270
24950
46494
60557
38124
66868
66973
27124
35090
21303
9801
6585
24747
43445
17686
31442
66869
36783
12897
10318
12725
50940
54555
64624
52401
35250
32214
2528
63129
11245
764
50597
64298
10582
57860
7904
28237
29190
51212
41396
44062
5197
24151
58860
39633
61077
6952
17169
61705
45224
64490
37787
3808
61991
51968
13539
65349
47086
45825
23521
47050
8341
12933
36761
30151
472
6054
10197
34471
9595
51939
51463
53577
23659
21832
51591
68365
50484
2353
7034
63080
51305
40891
43628
15531
4229
61555
39485
61888
28732
58057
40174
37025
68410
50450
6549
44997
47602
21958
28340
36762
21765
66884
35421
21197
51573
14957
39894
27771
32420
45272
6272
64406
12645
38732
14792
26213
10154
7444
3560
55440
47228
40670
39484
57062
7525
27913
44280
4457
59810
69517
2211
68366
11066
33566
47953
22753
34091
40377
48052
41018
63026
6045
26742
25596
8437
45045
69831
3308
11674
61610
39387
44786
61154
15836
132
36040
12926
48435
2061
27672
41157
29848
10193
44101
19110
47702
54669
35951
62442
15536
54723
34359
50899
60854
18346
14090
36316
5236
39453
5191
51886
50192
58881
11216
55465
67650
30321
56568
33915
43243
12007
26183
210
21434
60117
10192
6581
46354
61092
9044
60150
5466
64971
59169
38269
60428
19494
51363
65020
11701
20714
11621
36189
11986
32557
49922
47703
69464
37584
62824
46718
238
10194
59072
59910
3268
37761
64781
6593
62569
45159
49253
13058
27326
865
51571
35502
40592
1840
45501
62924
45292
46660
11368
5831
26991
22425
54683
39321
61058
67984
16245
16244
60032
3454
9881
37285
51345
1796
66548
33540
49138
15742
36228
16066
41496
38969
63592
17678
48697
22519
64045
27349
32546
49467
35139
10208
67911
13427
61289
34390
8998
5796
32678
40794
42569
44887
36186
68069
65932
31734
42440
50209
48777
46869
2688
38953
23748
9744
50224
5808
57132
52656
42338
67169
52157
28729
51256
53811
30145
56821
55786
34265
21230
46353
791
33764
7320
29788
36579
61367
60402
5965
12308
57652
3510
65702
15645
65911
39070
34456
5232
56272
33724
11172
11720
22256
26380
4240
33419
1385
26197
67636
68873
36520
42868
61398
52910
68880
69001
64605
1073
21359
42421
30150
17303
29926
49040
52889
25595
45261
65828
43838
838
4751
9124
2576
41019
20012
15378
22019
60243
36994
14741
64396
24539
314
54285
26967
63272
64242
38962
23217
23483
42990
11897
60403
47241
22143
2900
16615
30633
24948
31461
28101
38343
643
25027
52021
25964
16404
13411
62813
8902
52025
53612
25
43672
64801
64702
8294
43252
24543
59443
49160
40993
63459
25409
28435
68625
26111
36263
38144
45174
64663
17550
62173
56843
27769
16613
2901
8699
48150
37951
51166
12845
67500
68048
46173
63650
34139
50486
55547
15314
51120
58362
22871
44593
58825
54276
44065
17437
24383
36871
25137
31085
9570
36553
46699
37602
8882
67910
31885
44646
47687
10374
25385
12188
22557
12326
58993
16399
14384
67681
34794
58722
15539
63116
68265
36965
61477
20324
36782
54461
28904
2400
36076
66860
16416
66900
55961
26020
32560
55484
312
51561
26096
30912
61444
9896
46888
63224
61192
25772
27248
53520
62108
40936
53160
26217
32849
53348
2312
17808
48936
536
62776
12840
68688
34765
5396
30572
52800
21060
48780
66280
40168
41508
13028
67920
4012
608
51977
45708
67428
12336
5080
25410
35543
58086
51449
5511
25396
36781
42986
9951
61856
45807
62540
11275
38195
48615
5348
19951
57232
40462
43334
7517
58833
29385
64725
69613
31284
17343
16082
57918
17535
786
63933
50021
24301
49630
42337
25237
31303
25919
29148
20570
16641
36372
56653
41609
8081
9237
20465
38694
25849
60943
34277
28995
65610
22677
18509
63905
16570
3804
44107
2526
44278
66101
17058
6210
44641
65856
6985
41017
28987
58629
68266
12354
19961
892
12271
49068
5609
21573
35545
25999
59636
48491
33841
32817
49217
65135
5293
313
9472
19505
57260
2005
15238
27716
7851
54871
65904
64260
21625
32758
41186
17601
49405
25313
59385
38923
13440
15961
22434
42437
22392
46908
6340
26912
4477
42056
20905
55769
29391
10082
52221
68561
63778
24230
23016
62800
50448
31106
11932
66810
6873
1261
51357
8568
59261
61397
51989
29616
3021
21098
28090
55425
55775
66048
6676
61594
47167
52290
56842
64658
61704
48112
62308
4105
28992
68553
24887
34795
15557
23520
48588
39386
25150
65953
18525
17602
27965
4478
7549
44740
21677
62896
42729
53638
21386
15989
27247
48490
12736
57537
23109
22608
63348
45037
24574
44289
41275
13145
31760
4942
10528
46913
33950
3489
56190
49004
52416
34085
12079
55787
16389
38505
69797
28714
23672
1191
31367
5771
17586
10797
9817
40189
36773
23336
65703
8552
4841
7163
20248
64653
30292
59813
37719
16466
564
64008
66828
38744
21780
54780
15078
11136
37063
18681
40637
12629
5647
32005
16498
48178
27996
15147
16681
50697
43603
8933
14173
4269
5313
34698
56533
50596
35686
633
31430
65189
2344
51184
46981
65981
10816
30690
68912
24865
10028
53721
29051
28032
67348
69321
51896
41350
52539
66445
8040
47688
30536
893
57021
68409
59618
39002
56987
11909
40010
45144
16622
69317
15705
29879
21912
22217
7087
66722
1661
31250
44093
18696
32691
21293
55824
69037
60649
17978
34209
44812
9593
23479
19325
20894
26507
36127
3044
28033
53582
60401
67690
13425
26110
48359
21435
60507
68702
66630
66409
61668
15764
38950
62917
14806
980
47656
15530
36797
58501
64916
38852
29676
58068
35431
32019
42371
13424
61779
56877
38503
27284
7728
28274
41040
12462
25836
28297
15132
32077
64060
48788
55489
39897
4750
12134
902
67682
12213
21358
46594
41666
62832
58892
52788
31952
48256
24374
1218
63853
26165
32492
24845
26027
49918
27895
15943
26641
28420
9900
46132
33116
17968
50916
27704
53868
51887
44414
24113
3145
53094
38921
12212
6212
14852
22044
66809
46767
48961
47168
23055
67037
44747
38010
42405
29627
59825
20144
41715
27314
54336
26109
51457
62909
54951
54440
53305
34647
2383
65971
51213
63542
17398
28324
54947
6049
62086
29809
23478
41645
16188
29288
12258
5174
21090
5186
23216
58585
32993
59208
28409
25525
45334
1768
41667
45188
43746
47401
15741
48537
55270
42408
13719
57430
11407
20828
50729
37658
52251
25881
12120
25184
22456
33640
34564
14546
29529
19206
33415
54679
18635
58040
35462
39092
7319
44334
44783
5327
58000
32959
8985
40929
17603
37309
62087
29866
56684
57956
16737
43747
11813
44527
19512
1032
49311
22910
7004
31487
1534
23784
22264
17332
3912
4106
12192
61284
69502
14008
54965
60786
63160
20392
18690
66318
47208
38972
32633
2493
39781
52088
1047
28815
8719
50332
64694
32850
61070
16443
65850
30009
36278
14348
61953
49278
33908
62049
3112
17999
18669
6253
58900
10340
908
17342
66332
53640
27928
41370
9587
45360
66804
64701
69577
45135
40124
1101
20145
35080
44392
12098
51941
48081
46698
19185
62187
50487
50191
2204
27181
25735
9334
609
22435
29372
55681
44092
35705
28910
62335
66472
26294
11181
36966
62738
49444
5188
2417
67449
6678
14761
43680
51563
1767
60151
17438
12785
49704
9911
11668
32679
50217
2197
51657
65223
2185
12944
24024
4296
17348
44785
7908
25939
13256
15541
40718
7066
50201
38133
7218
31772
68668
62684
53870
50053
33524
22247
27659
17947
45086
51097
24815
40322
48997
13276
4447
7001
4472
43040
27304
10710
780
9703
44833
39161
42574
56166
35137
37089
29269
68541
52789
21248
37206
28780
63697
44204
42624
54744
36348
37284
58048
56788
44365
62511
20865
43938
5656
37317
11406
4650
49256
16923
32614
22416
32971
18307
58451
45212
38952
28270
10109
66290
5760
6633
4665
18306
61603
37133
44193
19615
13437
28524
37869
15543
66899
32312
21660
54040
51340
47092
62324
26536
34569
10700
39330
57256
29507
13189
29353
67587
10240
56749
36613
15026
46677
15482
24881
5190
12256
1114
62761
43497
66943
37132
37943
51282
40704
19688
47794
20661
63912
32529
55905
883
14037
60482
25635
42845
39504
27403
31302
14764
22041
51697
12314
61884
11166
6728
50628
25801
6224
20948
55761
44232
17477
50245
66961
53429
21307
25005
61411
38292
13693
43401
26890
48005
5175
26597
7035
8299
42971
25316
15841
7259
3146
6042
12658
10820
37949
65154
40011
69720
63889
53409
11880
9423
66863
24697
15500
27008
12320
48536
28080
26513
10667
9964
832
45293
38721
23305
6827
47643
13597
50164
68785
61345
65955
59386
57945
47118
9109
7964
28453
5315
61069
23529
36048
60982
12741
23825
62398
54020
39164
2304
35461
63529
4601
54966
9335
31035
7558
34629
57761
31666
68121
26685
62541
46281
56127
28309
56125
48565
62113
17974
12764
65744
20204
17444
47309
39780
13867
10765
28414
32357
21356
60942
51429
69016
1321
6828
47605
47866
66045
23241
28997
13018
1235
9125
52217
69673
23066
35821
16682
47070
46517
4600
8992
10110
47584
46769
12978
25780
9620
40820
32232
13328
7364
16436
22284
43140
46408
18368
26468
61745
30149
50541
12534
20178
24033
10086
68754
40291
41452
66270
26856
62222
12949
25855
24746
8451
29363
46440
58488
36696
28694
8133
44793
69322
22252
8452
68533
39444
61553
18570
63614
39210
4341
49787
3212
19949
62525
64637
40877
37550
596
31745
45760
21533
59794
25083
49676
20980
17723
52901
63131
63536
27324
44996
1140
13348
3864
38720
68809
6792
42023
16685
41297
60845
57940
12775
43877
44724
64421
10344
34793
11452
66350
4884
61932
69105
31533
24218
6209
27311
57426
17533
22245
58060
15820
69140
33996
20247
39104
22189
15340
9505
30942
42846
24646
41315
65210
42948
29136
6352
61344
39613
69593
973
4696
11622
34285
6249
787
49310
61889
58250
25927
26292
9852
51621
67752
62443
18949
11423
50276
60436
38397
22043
45483
64108
8033
67764
38131
19902
3893
45243
25106
61212
1222
50456
48179
39430
47209
28733
11443
65153
53465
11324
33190
20008
17564
17365
33688
58586
66086
48657
38044
58093
62733
68628
28964
55058
60825
44021
301
48378
138
880
24637
21012
10964
23396
51324
9078
64990
37846
16569
23637
38620
9190
7269
31280
1687
1532
54992
38502
26086
21416
42608
33744
35330
9880
15290
36279
49366
22142
65884
60242
23160
16141
21328
44801
43264
10388
21984
40108
409
21564
66467
136
60528
16977
7581
28103
18003
3735
47161
34699
13086
20896
25081
492
62812
25314
19948
56569
2626
32122
37008
8111
63714
42697
3701
8523
34197
5499
25800
48281
42911
26832
46244
17534
15629
31505
65739
26812
44545
44645
31993
14946
33973
4690
61413
30546
14807
45696
28493
10668
40018
38626
41371
30593
43862
8361
56462
36262
53614
30676
66160
53297
21229
51140
29664
44194
3008
59908
28715
59820
69500
1465
34880
55904
17941
69680
17940
45812
30636
40519
10211
40040
38184
54946
10319
58905
38954
58225
46904
54605
20601
4697
2496
63616
35413
29956
4749
51362
23745
15092
49456
38596
52575
77
62220
6468
55361
65495
21653
55808
15949
25692
23850
10754
66319
18012
23517
6195
64409
34720
14510
15308
65152
59923
17004
63049
37898
54661
57750
59988
12773
9482
64526
14089
40207
56020
61353
35870
46485
20753
7544
62946
6825
8994
11564
13762
20508
1001
55822
67159
26710
54820
38768
10080
41554
12969
43537
20524
56229
43997
54451
31964
4230
40460
48387
37354
1512
24634
60944
12086
10938
35162
51576
57091
17783
54069
45561
56096
52597
63180
11064
25649
37722
22488
46044
39796
39074
55293
53414
35503
64533
642
25017
46829
61365
320
46932
51949
37183
34837
24592
31710
47030
27923
23551
45021
60065
25480
67420
47642
17659
56268
49115
18634
3702
50637
54682
36763
8084
59552
24082
36187
46882
65705
1517
67004
6677
45769
8540
40085
53639
9512
62334
41568
31259
23976
1856
52470
32073
17976
68583
8197
42221
11581
10049
3712
15795
828
59660
20620
48977
24192
69300
56576
36869
65121
652
60289
40321
36555
4449
24886
26242
40086
61797
2574
23670
665
56787
56165
23722
24557
33534
60981
3433
9688
54284
5067
15483
12657
43915
42094
30746
35959
2142
33413
34198
3084
66942
7683
50480
28145
29998
48741
16552
26185
23240
66632
34474
38922
8764
35138
66881
47739
57881
54191
41285
29949
16993
22001
55845
24340
16871
21865
51890
1897
39320
34317
48742
67328
63721
53319
14762
53085
57964
37020
35836
37276
43084
18753
13672
56884
44572
3841
44588
52880
23466
6134
4441
69689
52808
49285
25078
46940
45917
29729
2838
44524
29741
26640
30594
37488
21292
11833
17641
11520
15349
38339
5801
43022
52092
45060
57776
24635
24720
13724
66055
52190
55221
33951
46304
35798
42420
29867
15513
53844
15445
43622
11582
53375
34419
35700
32688
24843
20693
31006
20245
11167
10666
8672
46841
65133
56579
37181
25738
48311
61602
30346
53093
51495
16661
27471
9765
5342
2279
28081
16065
25405
7267
41868
17516
29050
3700
49279
46556
62009
28798
44469
6341
8103
7958
21357
33248
30904
60408
16752
33117
15109
45242
45296
56192
24739
61468
62907
66977
24944
11226
15273
14446
5633
6470
24573
3508
52596
39988
40700
41101
42206
47641
38690
2494
34365
58512
47873
43733
40100
46605
12187
19111
9844
59615
15850
17782
43149
20436
61597
9986
60556
26925
58766
65990
23530
41659
23452
50584
7997
1757
21767
21534
17610
60085
25897
34807
40751
66305
20413
39041
17544
32676
35280
8728
15652
62504
45800
19950
66291
55001
44765
69420
33039
50791
30311
34470
18363
9450
68264
33293
14950
2409
60855
5048
17067
43664
47582
2696
64601
49246
38105
59866
49404
3085
10563
7276
34510
43538
30525
66862
10483
63254
50353
32709
30882
32571
56269
56800
17689
41213
29028
37592
30206
15704
14379
47225
26479
14943
43046
35444
17356
45659
61877
36196
29049
64602
26191
16640
40668
31033
51785
63852
41369
12898
16366
8298
12088
33451
12596
60400
833
29587
68994
36137
27345
19764
35858
68582
14473
42393
40823
25900
53440
13409
30229
41537
60808
49114
20300
63086
28554
49309
5518
39329
47371
41665
59512
22164
18295
16182
8609
268
48233
37847
23674
51598
7318
50040
26349
9655
39858
53578
47085
12559
56578
24922
6366
64989
66044
41284
9973
27744
48328
12989
28328
63770
11294
63309
43754
16354
27533
37036
29625
6364
33043
38538
28913
6957
57792
36402
8372
59746
8056
45918
48996
57820
63517
40325
47031
51042
20001
22444
25934
16673
10434
19743
26504
13984
13221
18294
51749
32168
36554
3202
26873
48752
40750
20742
62848
37744
20116
61020
57708
44356
20866
23067
64460
1681
62908
52574
7309
40208
65948
8696
63553
40924
30684
63125
25864
53084
7521
47769
44795
51840
53256
43914
29469
1418
11116
50389
6405
32823
43845
64114
6053
14445
56457
26205
23465
17545
24438
46982
56084
47856
23812
34468
69294
27045
42172
15480
44791
40044
4822
292
6118
25933
10850
62388
1827
11303
6832
38750
37723
36155
62289
49215
1022
63110
60829
1732
67949
63644
60152
24647
35281
22024
60614
38040
62269
64647
24813
46380
16921
47109
35788
16571
26683
18961
26477
62865
29320
48349
12465
43023
61239
17152
42536
25837
3427
50354
30310
67594
41103
14697
42146
6297
1873
12005
17353
65134
50698
3034
41251
69812
26167
53708
54257
2002
44885
21960
34109
69616
32635
43172
43236
53636
60718
42667
33533
64360
48310
64157
33137
39132
27685
5427
44005
50020
17943
16880
18283
66349
42665
28717
45156
51870
2573
6830
32818
44862
44569
36713
28560
30496
60506
21926
50782
14233
45298
26306
22861
47867
3350
55573
5552
34318
18002
26690
15863
981
32297
50272
59859
12889
58964
69809
42288
45389
12694
44472
52874
30417
24123
37659
3184
666
47024
65190
44726
42851
16825
6701
17051
15176
39122
6367
19271
50872
6933
54009
17081
25460
49213
34283
5935
17928
5372
51819
46286
38129
15476
24594
22025
10375
47868
58920
40094
13396
17367
61375
27689
19522
24251
19213
46282
21941
36437
44514
64269
50415
47865
48600
31773
12097
67392
61613
51167
53049
27884
27064
47701
1862
62571
49214
58541
29742
3002
57315
55446
58384
18153
12647
9252
67534
18389
508
63493
18092
56675
69384
40240
10983
44515
55449
9019
62720
15851
16850
2280
56099
27246
17532
22797
56886
50673
39592
56901
27245
15854
61361
6494
62804
55801
28996
58385
67796
5569
40017
67733
26810
1642
36549
6804
43492
68624
13501
1733
33038
11290
56126
7965
68505
16581
4297
68597
49005
35286
42092
23658
16181
55344
41883
27310
645
63481
28245
20229
7056
34845
65181
3794
338
31521
56517
15853
32317
40669
35335
45452
26408
18592
34872
65915
18545
38365
5274
55809
41752
49864
7518
64296
55460
54660
26339
31105
16172
19614
34558
30890
62945
43944
51814
8373
9910
57597
9424
48811
63573
67105
31737
35641
3528
62568
60240
63253
38712
35354
18633
47519
8595
45438
43600
46744
68352
20528
62296
27188
59480
59220
26085
43248
13644
39176
12796
21216
31032
42456
2313
34805
37544
47840
16340
34416
28320
15760
50904
23696
46272
1092
36777
69428
28192
33036
57316
800
57356
16544
55400
13016
24608
29168
2188
67868
44637
15848
21581
51271
60054
44000
42169
12774
38466
3048
35472
16421
13181
48415
33949
64613
49785
39379
65588
65206
21109
7788
54681
10889
3987
30456
46081
57086
29950
57061
61076
18744
29792
63006
22796
15855
67228
22309
12132
18073
22428
41451
42609
17050
44195
54557
51269
54432
47585
31103
62973
31667
6876
43028
28410
35799
31746
4848
44413
42850
65541
60061
44313
7644
32757
22820
37781
61839
22881
47699
51864
12573
5704
21932
15898
44886
57585
40749
66916
1580
36868
46592
19186
30920
28238
20809
15514
52564
21256
32660
4442
40484
37726
51074
59804
21805
26614
67305
36140
30598
2274
42223
3270
22166
11044
44794
63749
39060
69682
16333
302
30992
23373
20694
28166
44668
24743
58166
62506
26037
58654
220
25220
2976
38108
11293
35832
6404
10760
16220
16224
64508
31104
8008
7676
16256
29604
47980
68054
13370
4842
42057
50120
66082
10050
5792
49064
17632
65633
4232
32889
66554
64072
1685
23543
4210
4943
10000
29528
2393
35113
64642
35081
45076
1863
5085
31621
35898
16040
69029
32417
24605
67808
53284
49620
32032
2080
1205
37571
66313
65897
55585
33357
10163
18548
33980
18829
17685
1948
13471
21211
55984
28945
12259
7404
58188
39857
59740
54781
30753
35759
28531
38912
69064
28836
66609
1628
16804
65112
62088
49432
21828
45672
1504
43976
18872
17984
49904
48556
34680
57700
4
26609
8378
47985
63617
53064
68815
57586
49248
65738
27344
59043
30878
48810
63170
53086
16559
51479
51181
50871
23723
49535
17230
15291
44860
49919
13404
35924
41274
9629
36740
44067
6945
24376
32690
20921
21654
9902
10591
44537
41113
68900
5730
3185
3186
65099
40061
3217
23906
69525
19425
5833
7365
46276
1404
32768
19141
44932
432
47760
58820
56288
37108
44720
59136
59824
31604
40884
11412
48444
59148
49764
21324
17696
42876
58992
69156
25744
64608
33448
2416
38748
66652
36088
69852
7153
52024
55464
13816
65068
66084
50016
51124
38012
19260
6528
56516
31456
56716
49932
7236
64384
7245
32092
60896
9984
2628
51196
64316
64268
22308
23728
30020
33768
58192
44509
62208
27832
25116
52672
65180
56468
48876
48896
21676
61685
12288
62224
67056
51984
26500
10292
63556
44508
34276
3420
29940
62024
60360
26076
12472
57404
22904
20684
35877
52392
58780
25660
22536
48972
27176
59528
20372
63860
33844
49222
13632
25739
41114
65624
20909
27184
61673
18958
59449
2472
42910
39654
37373
27765
16533
27332
59747
30754
36896
18630
68321
12353
67520
12096
59393
20525
44754
25489
22409
69524
48521
37779
8345
64335
23482
35326
2627
55373
6587
3552
5187
34806
68013
27365
32634
16784
22541
56674
48941
55621
52402
8035
22188
17358
59042
18369
55334
67106
23317
40380
8473
5065
51696
58625
23209
24604
12610
34893
22668
794
39516
15429
22999
17676
31701
41133
21949
32292
24729
6416
27417
50366
63530
24920
31703
51423
16081
5096
745
35883
1265
66184
31312
20025
1811
11873
31318
29888
40661
31876
38548
5028
48820
58229
29951
21728
33362
51825
18959
50202
23048
13564
36280
33565
36578
60719
59430
52374
10433
9465
12289
58725
47900
29635
8410
30445
54718
47452
13405
23816
16332
14073
50290
26885
17082
63637
33276
49112
14805
42336
18597
28918
28917
54624
43863
27402
28035
67306
65989
37780
52152
13057
63451
24885
21245
41989
65191
42222
6469
26960
19997
24208
42060
50084
69829
3426
66168
33910
58289
1953
15033
51815
20512
47173
1734
51325
62873
53675
13470
39101
26065
22857
12577
1756
65205
40600
20256
2437
24866
40209
11809
47893
8901
60233
10684
13716
38773
44517
1089
50898
52136
14071
48417
66811
15140
20513
67592
60827
64509
21506
15793
19205
50485
20500
43333
44809
20186
62438
43937
33577
65837
8718
59417
9016
52882
641
18692
2650
44412
37850
22612
5616
16642
12749
64408
67532
28376
55876
58152
21075
43897
22014
15756
12585
4512
51794
54601
33749
39422
28894
39889
44312
67460
35355
66169
1591
17165
14405
23945
41669
40930
69080
15893
50365
51478
51852
32904
25080
9548
57573
48881
30613
56974
63111
22729
6890
63225
25952
6419
6636
13865
1148
23869
37224
59108
66635
65505
15631
8453
17552
31577
10590
53631
65360
19217
65332
32868
45371
5765
56936
45370
13998
14404
50355
1989
17998
8393
12043
50350
15842
1245
34885
3261
26961
44315
47453
16321
68041
28577
11413
61352
22669
30880
31637
965
4268
44848
35625
32831
40004
7260
67131
16442
53087
64448
42969
56019
18668
49018
59865
34685
26392
33105
19131
44639
982
7405
12578
41016
12441
612
18748
29231
21136
45044
10051
53884
2081
8685
50614
52989
55733
19214
15260
47837
2891
5764
41625
15169
53776
12113
18697
6590
37932
57716
14520
44314
15558
33983
43415
22601
23481
24738
64765
8205
7217
8057
50545
9480
4647
60115
67929
26803
46492
51096
41351
16585
67179
39216
62839
16870
43132
23187
62951
60558
69617
35285
17860
45733
14289
65745
10687
30345
51270
47277
57857
60180
20024
64461
38130
56760
34136
