36077
33845
63656
57248
16300
33099
33247
8566
37580
20393
40153
17967
16985
33391
4279
22901
30819
28425
51158
25627
60696
9399
27947
53563
37345
30357
3655
54599
56082
36959
1650
10703
10933
37652
12815
22279
7174
54047
50755
18813
18256
11333
30383
39808
63378
17730
50062
52957
7947
55276
31506
32386
15075
42196
15277
25393
9405
64395
37157
35983
46805
64062
22559
20419
47033
20010
14259
61828
43501
56249
43987
56279
10387
15519
57319
12755
68462
57041
2434
61690
1053
21854
55813
67956
46460
68730
36147
34063
56687
34996
27978
1786
10421
15624
69539
30455
13079
54855
53714
28558
52179
64599
58757
68970
11763
15485
57262
11309
27858
28962
60299
29250
64937
22075
25661
7978
64586
18518
58238
33846
5479
55865
61606
64914
52723
6902
4518
37126
52843
18880
52724
30966
68173
22375
30641
66914
33542
43288
45271
18461
69786
66865
18916
4904
8750
62125
16512
61987
3630
10370
3783
63442
64963
21730
39739
47333
16526
34141
51676
22510
3891
50999
19340
44722
57401
41620
22883
59895
56503
67829
41941
23361
16021
17440
61383
58103
64621
36516
12778
6619
55863
33132
4369
38324
9207
290
21689
32387
33017
60522
1695
13429
30873
24878
13025
41494
27774
1371
39866
23727
28335
26254
17123
41443
65775
9214
13495
15491
39494
27238
19093
57369
60030
63192
41940
21717
51851
33109
59355
56803
57354
69823
15857
51579
49243
46745
69771
17386
48090
45027
42273
26099
24009
25398
68759
23382
60263
47552
4284
34250
34403
63709
45108
1328
34023
40705
17500
68606
42365
32979
38383
16990
36916
37798
39220
49555
61433
56282
20028
47825
60394
68794
29498
63054
25803
37518
11366
15648
8140
10231
44489
11078
11377
11433
54127
28656
17835
1802
44010
57838
44134
4526
43111
15555
56470
6917
67296
61783
49280
68592
38370
42272
35131
65438
48183
49576
55049
36880
37363
52061
35730
25959
46461
13745
64714
3213
59567
16135
53205
22146
32484
20339
45888
66070
67772
31738
46125
61502
1510
34745
13490
52791
695
53269
6535
11552
63774
52748
65874
17084
37462
69195
27014
13721
66926
10699
57250
36325
35307
61177
21040
28012
39615
44321
41258
2284
6852
3654
44663
46731
60972
59459
5227
6162
42797
40562
57456
18009
55947
2911
4894
25679
53270
12849
24846
52841
69462
52568
52349
362
23629
34256
39546
55575
4605
13259
1607
33298
62547
26171
45991
21402
55349
8037
20046
33786
18984
18859
17042
2153
12754
2263
67539
12651
27307
14617
41073
47465
33349
57709
13738
5032
25101
31078
21773
67631
68790
40383
19155
29462
63725
42048
24463
69463
1462
1723
25267
3159
31802
37187
46772
54322
41181
7337
20711
22178
61299
15490
35289
9343
40032
2818
29203
45699
64147
27625
41420
44244
56714
34430
6511
26091
3377
15039
12758
24145
49266
25978
46573
57217
32540
43841
15935
14198
3095
49725
13532
45948
22949
56534
51275
56159
64897
20902
66866
39241
38535
20786
3337
27506
48282
4911
20651
26327
55384
61627
14905
17826
28322
29577
53443
69413
24587
66469
62642
5226
20141
17563
36394
21756
54934
23069
64188
61696
64264
47711
53135
7384
45591
30751
680
67248
41589
7146
34117
49994
59771
20774
34086
12203
56206
59755
34267
43949
28527
21323
30221
8464
62626
40935
4343
4322
19778
62238
35230
58136
28595
12093
44977
23961
40830
20785
6901
34561
42928
46751
21116
11073
6298
44763
38142
63202
4565
24283
5738
33618
27394
39427
57664
7637
53972
57402
10333
20389
2199
23362
56407
68889
42747
24427
23034
20872
42858
39018
7877
23958
30507
59979
20721
11045
215
4564
60523
1528
14972
12848
16595
51418
48567
56710
3018
55288
32133
28865
36399
20109
47904
11049
48077
37926
66666
62
50115
64863
56998
41977
58315
27395
58839
59239
68911
25990
55665
60208
14211
42907
69851
25730
33651
39046
3379
17806
27427
25102
9912
40347
45455
26359
10430
67696
7860
42224
38382
8191
16250
24322
39259
23326
19589
60730
64353
26655
53199
31867
7369
57635
24365
38715
54549
20321
24565
26252
6011
22786
855
9134
17511
29883
12486
63115
6603
57721
62663
29038
60287
37861
10273
68492
1388
16488
60787
8743
69185
19599
22667
3395
17019
23119
16754
47077
53550
12317
8413
6295
23801
45063
40064
65282
17834
37144
17373
8861
57324
18453
49910
27749
57396
60908
65515
18659
22374
46225
8811
22443
45866
10456
17314
4219
150
58326
5561
47758
8726
25654
33967
1555
10785
30239
15718
28703
58256
31212
3637
48726
47135
24144
68761
29821
52652
22916
40789
1058
57889
5767
308
22520
25653
52201
68445
2039
10498
18591
40343
23011
19721
56941
4567
34143
2995
5153
39735
49995
43057
44901
31272
20837
3971
63454
47951
53974
19535
63275
21627
69814
3335
12404
47731
47281
11205
10414
68446
25640
10892
24664
48206
41850
42469
14814
62219
48843
27742
34536
64354
60421
53214
69103
42247
7328
41689
50726
18379
30609
8988
4500
41951
22478
56658
38789
12943
42026
65110
57242
35123
14838
58998
57934
63588
21180
45819
17770
9917
18502
42718
67163
48966
27137
53727
7553
2474
37235
963
31564
52058
42241
52234
40159
27576
57649
63814
13730
12567
1926
45551
52105
60186
51529
54317
63818
55673
20773
26850
51997
25275
30381
4503
16384
59052
50103
68226
58489
50494
62942
41935
48918
42871
50178
4362
1055
40167
28253
16197
30713
14318
3761
10019
14062
3590
18242
24087
55498
7611
68588
36462
67763
37371
32260
28675
67643
60847
30361
7697
58195
45239
13301
27875
18580
63456
57488
6900
63352
7547
30130
51394
17018
56105
34361
56659
62650
34652
18005
51146
19321
26706
8849
8585
54105
49859
43765
53410
26603
12384
68854
1583
31721
11077
57780
27051
67762
55759
56685
47008
66882
6855
18640
51791
51496
38747
64224
23352
11613
56942
52641
52914
11079
60019
50767
67222
10334
13419
45393
33696
18486
59150
46128
1251
63274
32919
32923
68607
18843
17933
47982
69807
65895
3458
9349
44549
13107
69603
7060
57757
14876
52448
32228
34021
62446
422
6935
151
19359
23199
47810
15179
42131
49334
34930
23757
25146
14714
26915
28817
51767
23057
1675
64980
40021
28963
20853
23988
38055
6647
51233
16955
12566
63629
1240
31590
49514
40545
68439
48871
9263
55178
6039
1152
4771
26624
14114
55438
23159
7235
34781
18287
39111
36779
21803
50830
57491
39822
53950
60744
69253
651
62022
20633
36587
69015
58119
44980
43819
41829
67781
69806
29451
39406
29889
62895
42819
2849
21945
16409
32800
3283
8414
58255
23472
10633
50954
41221
17737
53283
52226
20649
42532
41993
55471
14299
4193
50617
36699
59957
46505
29722
42109
30459
49756
18257
7867
14897
65961
58216
57517
45454
57683
30465
7636
12437
33873
45773
15767
11924
64061
54473
67923
57040
18773
46415
7543
51273
5734
62218
54595
33127
11068
34779
11597
40958
9947
37519
69554
7606
13892
5715
38438
15073
39575
5023
55479
48507
8014
61074
30433
7798
25109
59550
10856
34858
38371
34435
28922
12094
38827
39970
26419
38307
60135
66620
62447
25186
28138
16909
41560
33284
64810
49593
48098
39347
68195
3079
54915
6156
22509
22515
25815
15151
34539
2707
13337
28113
32044
58713
41923
10309
34682
53010
66927
45575
25311
58622
69149
53355
17955
46078
13529
25270
38825
11473
3074
3445
51483
59068
15627
11101
52062
47072
30612
34062
26299
51298
44491
61475
29019
69194
1050
19100
1000
41118
35668
62131
61265
17949
68767
46557
47269
62918
23882
23123
37258
36315
65918
68919
63965
56554
25963
62758
19195
55633
52775
15231
54809
15038
14170
62659
6051
11339
20710
24398
61802
43694
69439
58717
54178
17538
45208
5652
53148
24761
12460
21852
22966
28752
854
16506
2259
25677
43830
36888
56824
51685
64358
4736
68769
45795
48093
48672
54627
53841
14870
16119
36858
14577
69303
64699
6871
54115
22211
40119
36314
67583
12022
26762
2131
19944
56991
9303
20303
40886
33617
31307
36395
32621
18255
1433
40271
14686
19700
61739
1598
42105
56220
52010
2271
3025
63034
4246
39691
62226
65295
58610
23628
58687
12853
42197
58529
52561
65218
60619
18252
23005
23794
2075
58803
1599
34750
4961
50171
49611
32654
24384
61188
24667
831
36299
47962
56818
38361
17427
45340
63403
20354
42295
66073
43130
42882
46471
45186
12666
4527
35736
21830
62999
47373
69790
61190
69186
67463
26178
7307
17163
37826
65944
35357
18129
12189
5438
20154
57355
2784
11637
49782
16582
49968
66068
60541
67288
60828
38272
19624
43368
54848
37524
48420
18008
17172
44188
58128
23532
62612
56176
60056
42232
19932
10988
67840
35261
3760
33000
1680
26568
18164
12904
60820
14581
18856
67644
55656
3284
49284
30368
24816
30260
55364
50648
69004
19104
228
19108
40576
116
31832
18508
34624
11912
19312
9136
69848
55076
53424
52068
1380
54656
28684
45256
11060
62996
68432
1644
17244
68736
36248
24160
33608
29568
30733
46148
4396
26860
52576
44560
32196
26820
54580
4536
28532
45132
14312
41604
54616
43184
61920
23068
29968
61544
68952
45232
69095
48822
64378
42027
34219
54314
61250
18494
50495
31139
16061
44911
13192
14641
34291
34397
39463
23220
18313
14250
8893
60303
40590
21697
32881
45669
68857
69101
4895
5270
12699
38306
22759
10989
10134
37955
56217
15447
13590
37594
55290
31255
53934
18472
34350
12429
17958
1164
54424
23758
40791
57933
23339
53134
51624
12672
5
20583
56686
29890
127
23142
12155
43847
41765
396
35703
697
3398
25382
59875
40310
6151
28092
24760
23381
44080
53948
32727
37407
54332
19547
27281
12339
29300
37597
41053
52123
8447
68129
20311
8507
62167
40849
14662
63317
59019
7422
62595
61743
35111
11110
5928
2013
51235
53336
19788
240
59672
41472
62215
25055
42705
55487
15931
36610
10135
23918
40639
8898
32942
30434
5148
45796
45632
31267
16249
23959
27970
41079
24327
23651
38439
41146
43558
37134
31003
45490
3999
20338
39265
42083
6010
47845
23096
44359
203
53144
37319
64450
24591
23718
50395
55224
16782
3774
60822
31287
10792
10469
19099
50119
48793
41567
56731
15103
57592
61491
43831
49415
46843
3061
8891
63915
37618
66641
41264
62623
44579
7246
1370
41094
54402
29496
59156
9898
46707
64809
35907
4383
69267
40311
34882
2025
62250
11972
21535
69631
6541
29858
1974
17735
18397
26413
69297
18890
11327
68938
52847
52407
62135
30438
61266
61039
68858
57910
14451
16507
23840
56139
39734
47272
64560
38880
7700
56452
30504
19376
8592
61805
4576
61936
58752
28351
15299
22332
49766
40078
4406
16457
66714
48667
45547
54914
26705
60146
18343
22889
9302
33955
64872
38687
50470
22686
25323
57188
62879
47608
10023
6971
5723
45264
30872
38378
25710
67055
58733
7977
61539
5047
12296
20914
65821
57275
24564
32751
20915
39699
46763
20165
29161
21735
26192
10470
23345
54794
8363
47039
56107
48236
21859
62878
61689
49003
31055
55847
30575
56949
27551
35714
68910
49746
52722
4063
50286
51395
9708
14956
42503
34879
46463
57307
14319
22711
34230
10514
14184
68762
41861
5611
22543
34954
69094
27903
49227
23141
27467
4910
55314
20811
5269
17171
4195
15450
1677
25097
35731
4245
38809
86
1672
63402
51615
65187
20534
14739
4566
7651
66432
32711
64237
3477
15827
56102
15921
18917
6129
214
8246
60901
20375
62091
23719
1075
55958
21771
15215
24793
68719
26376
50285
58046
68194
12272
57483
14133
45549
63179
19915
14889
27015
3673
22523
33650
6962
28856
35839
23555
59860
22347
36340
69521
38899
17959
32587
53457
69650
22382
2342
55560
27971
10046
9995
6963
60188
22511
25686
57002
24347
38522
21437
4497
11614
44147
23884
50275
9596
32575
21039
48097
59659
20647
53133
53067
10505
8221
16153
48380
60618
17539
34266
61695
2329
4030
31000
68351
43907
49078
36099
52315
61983
69051
34443
6009
45958
19598
56555
2509
1892
55506
14514
47826
57325
32598
37503
30137
48427
59976
48585
59401
66886
36199
13521
40510
58066
48740
63414
19947
44030
31974
67867
65567
31538
50054
50083
20943
51063
28256
38758
63101
24855
41502
27407
20611
36455
39495
5046
65715
7898
12408
48440
2078
41495
2869
16213
41338
12304
22690
28754
42795
22742
366
55650
40269
31539
6001
41581
27029
40887
50063
5775
12870
14695
14307
53975
9374
1913
7045
1311
17053
11143
51619
59075
64380
60449
46746
10474
50838
26704
53665
40544
28651
50273
61037
42069
7117
26823
26439
26098
1901
58123
60750
57682
3075
10781
5522
16717
46127
21650
11551
15662
2826
53322
52555
53715
62869
63608
5149
44883
58754
21833
17006
19107
51123
4835
47282
48426
24776
18559
24323
6002
30859
40507
126
28307
43323
10834
58616
56435
35194
13706
22387
31381
20214
37559
42648
14202
56205
24863
25629
44034
44768
43009
19127
2757
55946
24407
30290
15245
7595
63914
4499
4969
69259
29096
42712
16301
56657
28405
54097
7915
20077
43235
55376
10137
19053
59846
32061
14642
67993
20474
11955
24070
61519
49492
25325
52244
12282
10439
67946
66128
63802
25319
55177
21515
47207
41154
27793
63719
28667
26953
59463
19643
59646
60395
28923
58564
19113
50983
5126
6725
38474
65127
3413
29313
52773
2846
5866
21182
50879
29248
32203
7876
58534
52698
40112
53200
11706
12490
10519
36275
34290
14967
34298
6854
60364
15139
57742
16427
64181
14255
32331
40069
16781
48630
24580
59959
15606
67783
57187
13834
31433
46414
59652
47759
26897
10216
60803
16042
21987
8650
3419
50175
48071
69075
69398
52040
829
53407
5654
17197
50226
66292
58481
19200
58122
40033
24861
50393
38115
45204
33456
38942
13338
52546
67727
15980
19010
28594
51385
31002
60484
27741
37101
67756
61178
43767
27578
41394
66423
62067
48231
24809
5642
29186
31434
62573
56938
48628
68045
49770
60412
54537
52361
11087
44910
55478
23010
26958
8879
4625
20490
18254
11918
67127
11657
15285
4686
50461
38831
64878
3995
68795
872
46990
22833
40336
57251
22496
43058
3411
4395
41972
58490
45487
54899
5747
21937
32924
1170
32202
20582
24162
64207
39723
37000
68619
48229
17258
34433
1369
12247
32371
6707
38862
1915
43842
19701
57458
5735
8417
2258
67193
52666
41310
20961
63507
36615
6521
67241
31297
26150
6507
65252
53111
48390
60577
26725
21181
43054
24012
43403
41301
52736
9013
65599
23769
66671
12261
63625
19320
8047
66681
68899
33095
31432
36851
50372
56392
54046
53595
28619
35786
38662
25622
24568
347
64883
7283
68059
50149
67969
35424
6163
40071
11531
19546
61557
29314
53155
33969
5699
67123
28687
42649
7799
59276
31207
54060
53159
32151
58411
59633
53333
37994
8286
10286
68187
26729
10293
43843
25514
10077
12865
35921
56762
35346
54919
36976
15755
53933
34335
64572
17017
69264
26148
31549
5722
6601
46511
36357
38442
12126
25202
66702
63633
36678
74
40697
66842
42663
52862
20870
12731
68609
25189
43059
43736
41466
59631
41947
12202
18711
64717
24985
3194
59566
19257
68139
37521
64111
21961
9854
50035
34967
44758
26842
54626
68521
61294
61925
11802
50005
14502
53691
67030
46246
54429
31138
30619
60141
12797
28130
39451
10243
33319
40346
24207
47919
51790
16110
51782
67900
12283
23327
52667
27558
66242
29454
23146
58951
25945
6059
68611
62978
11154
36107
42283
66995
61489
45763
55630
33318
67033
51427
67031
29088
48269
12418
13523
45981
25697
53655
60920
581
53994
1627
59538
41878
60203
19132
9871
57971
57353
34477
60617
62967
14635
59647
25335
2257
24520
11639
52130
58857
35533
46961
58409
69339
50580
15298
2378
54359
67181
2933
43197
42541
10860
38267
65393
47797
32882
43096
28225
28769
11450
67922
63220
43177
2160
51234
67854
16111
53302
49762
8745
67093
46152
17257
44395
21881
21579
4782
56919
43697
23447
1674
20479
37671
60954
18931
4772
50091
20748
69240
21138
29089
45863
1754
13373
36225
14169
40065
45087
20803
56030
16679
51779
20367
61253
20153
13357
25678
58491
8471
5538
27095
55348
63652
26160
32761
25399
33550
23978
38298
42068
46527
87
62963
6713
53335
18170
51198
29187
39236
60423
33943
32549
21463
36205
39983
3742
28155
2183
58203
37704
46247
51781
36527
45513
52406
33031
58023
27456
32111
54854
3618
50581
63443
69021
11527
31342
39017
35822
53986
47140
43374
40812
8476
11142
24379
13691
40770
59773
23903
1879
6915
22077
15286
1611
50182
444
37855
26401
2181
46668
67023
15371
15072
9391
63098
21899
43171
45999
64065
6094
12419
26906
43722
51299
46369
66952
49197
34016
40546
37799
2162
56810
22528
53917
38830
54066
48170
68862
36508
1803
17474
65529
20166
15638
46986
59645
56207
44087
61768
69779
3446
31001
20637
31866
20662
11070
12738
46781
35738
26541
30531
21738
38019
21850
54712
28559
778
1031
26043
54305
63570
3114
64558
68763
11515
36856
19235
53654
45054
55352
15826
63931
28306
40814
37598
28337
4162
62483
9971
54657
50792
64428
61680
36534
48506
9455
12541
5093
66878
2182
9855
10235
4496
58563
8446
48503
38246
6651
62582
47546
20639
54274
53110
21802
47466
66008
69606
19550
50207
22373
61111
62058
38675
7121
60399
15334
35453
55350
48594
62081
23990
29413
41614
24966
52128
37214
15612
42162
13515
22727
65507
8694
44843
46598
55792
4927
51078
42391
55983
59847
11849
24994
18150
55758
24417
32583
369
11111
7975
31603
10079
66701
44616
58579
52562
8430
61742
14634
31254
34734
43774
27550
38584
8059
53695
61538
55805
48772
53919
23167
28133
44391
62806
68046
47150
11381
23473
46260
22262
20663
41379
12302
69490
53951
1984
52208
9891
3726
58052
60251
43825
57301
50198
8046
27879
16327
25889
62522
31435
59658
5687
41918
20171
62123
14267
66786
55507
33979
41528
25265
67430
33378
52274
62977
2508
28961
11051
64424
61750
58578
11486
53467
31054
54426
14298
33383
7314
46637
53548
47671
24975
29561
34998
39609
68185
69488
50055
53108
30215
12843
35715
48079
9021
36081
57986
38369
45589
5373
12447
21483
10022
19118
25505
24705
49131
49708
8067
26595
25334
33803
2433
54183
30001
25126
9895
46586
37438
29332
24362
65102
46871
63029
54427
57705
60662
3699
25287
41921
55031
34159
41840
13635
2339
34548
52710
57466
4161
50158
858
50725
2026
56699
11062
32414
63773
49414
54882
41147
5478
29334
12745
67099
40966
45938
58755
54061
39009
27340
47886
30571
66982
45828
26447
35554
45592
22282
24502
6179
32538
32738
3029
14199
31950
56540
15230
33790
56538
69857
48430
5746
52615
25203
67048
54928
37283
45419
36585
35729
17187
45107
46803
54025
59152
626
29450
23574
37305
47885
32392
34516
4498
61665
39825
38053
63894
69005
4977
60539
59900
23496
18262
65235
20761
66915
46027
17203
36599
43833
69802
999
28768
29371
9383
11655
11988
11844
68863
9412
46118
23203
45937
54210
40077
63114
7832
51998
53904
41458
9301
61559
40771
55851
21479
23201
16601
69801
66621
37426
34102
17215
13379
32351
59667
24261
3589
69249
5963
59225
61172
15916
63099
35805
27082
18665
32496
20223
64362
56773
2912
18713
37066
44177
45406
45646
38043
1286
37885
68043
37467
9407
35719
50265
12104
4979
22598
2758
54316
7714
39573
55135
63159
19351
67175
178
36218
37239
14261
55082
52239
14197
42453
15623
30712
1062
41530
3274
17390
36882
46197
9544
29215
9638
42632
30136
65645
66544
20353
67913
40967
55119
57845
48805
12859
26161
41486
26530
47587
31298
51095
59887
485
38993
48951
37334
65466
4394
56966
63875
21024
367
53907
28929
62277
41403
65535
61249
24073
14985
52774
18929
7418
2943
9159
9723
19689
20181
33226
42552
47058
33850
66670
29006
60070
7795
3743
18428
32618
22278
44608
43529
37179
65938
5973
54583
40503
25976
21979
15070
39824
18893
12864
4525
69624
8068
58743
27451
896
37414
52879
1432
4385
56829
18052
20478
24289
48725
18399
66029
7347
37281
53819
33793
43547
15344
59488
29295
54874
3758
14683
66642
17347
27639
50454
9791
21214
40299
27026
35159
48965
67466
25128
8171
16875
7497
28666
21794
43651
63030
25511
53252
42617
53498
61633
57327
14022
48290
42938
55342
8935
39142
42041
28227
37403
19777
51297
1978
22894
4221
49935
62278
33819
11271
26594
59712
12459
46047
60987
5972
36017
39850
18639
24367
45537
41013
46837
57337
41173
66585
54294
40396
2630
47937
17362
20394
1437
55534
53239
21213
16023
3496
45491
23079
53927
64779
9847
20657
58810
14937
60635
27055
64288
57155
41339
10986
53466
56280
55010
37902
22787
53330
10975
24039
15594
53107
8931
37565
12438
34955
54182
48964
35560
42929
42915
52114
53411
44433
24802
61747
3596
68463
38829
68192
17414
55081
45089
39097
25576
64413
17295
6029
13642
67686
11061
5675
54648
22296
19421
3247
7088
22238
35587
2453
12318
65077
57803
60817
18918
41402
33795
16161
45673
44245
47545
34778
13310
52260
14063
25090
27638
68322
4014
49039
67433
59171
24862
65652
54913
53499
4724
62242
32229
59286
37971
43170
48627
55385
29479
67397
7945
46618
18456
8635
21482
31507
3988
66839
15383
41082
4486
45603
31025
14652
57067
57687
66850
29594
48216
14643
16030
24227
68447
65071
41893
23506
64881
11694
60010
67622
15138
29275
57113
32551
50298
67227
40502
33755
30727
27384
3041
7823
22808
36714
7214
28478
45612
42198
60671
8065
17285
20088
32285
62618
26593
38611
14182
38507
4849
33257
5982
6993
52362
55470
51878
35828
24303
26177
15175
18572
58966
4627
27695
21737
5001
30681
12493
16516
48205
61244
11651
41014
69795
18671
9479
68617
27401
10974
7948
38299
23118
32862
20670
47963
8015
30582
37713
52554
29
17054
58718
33302
28230
41413
37165
60147
53877
32863
35934
44715
26058
41311
57821
29486
3046
7343
29733
68310
45102
42892
40893
19518
65823
47896
60968
5737
45935
16368
20310
19361
2135
17855
17093
54114
46782
3138
14142
24570
32922
21083
57595
36812
21978
5733
7538
39057
47066
41401
12051
49475
48629
5557
9970
58173
12327
67543
20117
26361
22685
54623
67142
22891
56204
46711
13084
41704
65762
35155
67319
66132
35107
43087
51389
13255
14849
1451
33297
52059
40342
36883
40140
19664
68
14912
11141
36765
4265
9707
41003
27131
23455
37854
59758
38161
38932
59950
11218
17625
32039
8546
25716
60851
11459
68175
56711
65735
19551
55422
45842
66939
57902
673
59729
7143
61691
62059
14906
62339
10782
5742
48908
34447
29294
64473
59630
48634
48443
37947
24095
55919
11533
42654
61300
53250
64011
49551
17274
44821
14701
27374
12046
19101
44773
60503
41391
43064
41316
30583
5179
65646
9605
45418
20841
2590
53777
62037
68850
75
19390
42446
54750
61485
44707
52581
48921
4430
66567
55639
63038
19789
12409
66231
58611
57326
62815
45090
39496
2351
12175
35532
15467
48955
31355
19365
40002
47387
12057
39986
50338
17743
54733
45855
39605
63945
6450
38247
60105
45576
39242
1729
4781
48950
52665
68150
4997
45701
7192
26430
25310
20793
42857
36369
68231
41265
57028
52846
60611
24582
17261
22766
10922
36715
33428
27619
37439
2695
12810
65270
17186
17759
59726
53249
52705
49868
67399
20779
22068
40611
41934
1924
49636
65945
24076
42294
10542
68788
24253
37763
34486
4277
17324
65126
13573
25422
22764
42714
45062
44163
44298
7144
11376
16607
51515
24118
61308
15199
6095
11132
22579
66277
18116
2643
29787
8947
26695
21285
41994
18398
2827
17918
68887
54734
54504
2629
65107
16006
30631
35884
48344
50943
55690
43840
50665
27548
55070
50181
51062
10045
54292
53903
68056
30739
14505
41145
32132
6072
26917
59733
11050
2657
34606
33907
9378
44427
51618
60011
8930
32891
31591
51240
67352
36331
62798
36150
59537
58917
18679
57740
27025
61497
20374
16155
26290
4725
36865
54735
7567
57211
56816
14370
11933
15464
49498
23363
50701
60377
41490
569
68215
45382
22227
42330
43284
26694
64440
28571
8727
53146
50225
15020
8695
33245
14413
1041
67767
50607
45516
289
3073
51879
48651
14879
29854
59347
14045
44882
17250
16118
31973
51079
14023
40962
32114
11451
63799
16467
12147
16075
48602
3908
43495
66574
1637
22071
6998
11133
8031
13983
69607
12136
59356
33931
24601
18182
37282
13956
1694
66986
43052
65052
9805
60571
31537
44498
809
19690
27851
23724
8824
60009
2878
10294
24569
40358
3070
7671
52664
4405
39635
68328
24453
26963
32366
1905
49202
35678
44317
57073
69775
39019
11202
6997
24329
64381
1975
69499
42963
31387
47798
27385
57283
16995
27981
795
48654
19379
66759
28464
29185
23766
43542
39914
16109
63194
10615
8859
42659
57704
61961
65926
40963
18495
12303
69391
33935
44652
46179
34017
53510
4259
65843
61140
12799
65575
48403
43650
58811
49015
25403
55700
53850
21139
48713
57628
52915
29763
17883
30288
36857
67658
18542
67125
14571
32786
48573
13034
62755
1025
48089
20026
37234
28713
38615
24338
43525
2909
2015
67671
56967
66887
51474
6294
23298
15177
11526
63791
50591
40965
64847
19475
43766
59038
64292
53116
16463
66058
60238
21841
56106
6942
25375
21586
60781
18487
18812
30570
64451
23014
50650
60779
63711
26343
24877
42902
45992
28261
65437
46103
60666
58648
32878
24723
23883
63069
63659
38612
13610
14871
52611
56454
10455
41622
44056
61962
51020
67741
23821
60447
50011
38029
37771
60535
58310
9722
33018
63996
44459
13525
65301
46263
12018
43030
55803
20945
54131
48947
68431
47618
12607
57539
68531
30466
44260
40212
12622
44607
21475
58596
8741
22611
12723
12301
64013
58079
55187
11939
7974
52310
28154
68571
10839
29711
57287
26013
61407
68707
54881
65582
15729
14503
26929
31951
64559
65013
52585
43619
60470
12499
55945
46239
26815
44123
48636
66987
34819
67331
45574
28557
43585
25127
37442
45002
58029
11589
32520
8934
45384
17385
30937
24509
68556
59207
28600
23991
56110
53542
66931
41086
54323
19767
46374
51610
28040
52784
22521
3555
35603
17312
32599
41412
46929
53511
7992
12906
41639
18139
47176
40583
40411
22346
30965
66477
25991
55666
10614
2270
64285
11211
60426
40754
67122
56263
62078
63913
62943
36476
26731
11945
65416
42261
63695
34749
4850
702
42711
54067
40427
20581
9015
1357
42302
16462
44143
61151
26619
69803
42346
46641
22328
1970
63066
18485
7342
14633
30726
66407
28746
52848
64851
40141
68622
9500
41135
54119
4963
49001
24901
21522
17026
63039
44905
68705
67467
58477
54103
68602
36214
12968
67620
66734
35183
27727
10914
47670
17137
19832
4387
6506
21628
654
23885
18411
64309
4900
29807
1434
60260
45590
9678
9814
62076
40621
1669
546
38971
36907
65048
46149
58254
68174
24406
48475
30442
36092
23033
39408
60714
41266
28549
18621
45539
52486
63467
55441
40007
10915
14003
67957
14888
45001
62638
32861
17369
58570
56537
20378
36493
1979
34674
13878
10501
34057
2635
24094
52167
53690
36623
16600
46783
37547
32291
4039
11039
51586
62395
68247
22210
19693
25165
8217
6479
21755
24359
34127
48354
12495
45755
32940
12026
49264
17705
57547
13574
1494
24288
39270
25575
38790
27807
41393
28357
9398
20275
9157
33633
54297
65814
28019
6150
65559
55846
17824
58670
48631
783
39982
22643
18768
1482
58201
67708
19786
62649
19339
68711
63567
20610
2591
42905
21372
2042
45752
62132
31588
18172
52323
66289
23056
59894
10377
45079
58442
1438
61105
7423
54355
25091
60469
23035
45106
40726
63237
48980
17103
45550
24331
52526
42652
52713
1469
19933
58671
22209
18562
68894
17488
28940
20984
264
42621
28479
11967
66133
66665
36288
890
21946
18467
63178
69258
17966
24666
50649
36509
38686
26289
5127
20040
15178
34060
18774
13237
27521
7173
32563
24965
19420
4687
21199
29621
62118
45031
27618
28999
2670
59963
66191
7082
39571
28526
66262
21348
37502
51039
53741
45495
65506
7083
50236
2875
39149
34222
52823
53543
11372
29365
2229
68441
35288
59562
29595
48526
55409
18794
67398
66302
12135
1455
11127
37791
44727
30926
29622
42015
47831
8547
31957
62231
62787
9382
28226
37185
34983
31645
24986
36850
28263
6270
31042
52379
60422
28629
55302
25527
55242
35257
20274
57593
65159
5387
35742
40303
65430
38617
33246
37204
19338
7955
50504
29755
44086
54647
61176
28943
48803
20691
63798
4346
5659
35558
56772
47506
65974
9931
22585
38
39945
44363
24847
65571
46752
22774
1638
22663
5060
11047
5025
62962
33872
24385
46170
53742
56959
33818
31834
11879
45602
52318
23158
16499
12503
27229
49058
26773
4311
9206
32368
50505
46867
13035
12595
26057
11904
37985
18919
39987
61150
36119
55533
66071
20533
67745
52506
54001
33505
20222
44040
66246
61435
12854
44550
8114
25821
59018
61026
28252
1498
63586
54815
66867
32607
6775
59958
55999
41906
35602
18600
64984
42525
20167
51446
48075
49233
33722
66298
8871
24302
59493
35918
69498
36440
35295
3781
18227
5774
36814
41688
16912
27264
50079
51061
67974
57594
59696
20331
47491
40055
25751
20096
10295
9339
57637
48291
37886
52076
56380
40543
8654
65037
36100
41491
59632
11869
16106
42475
9173
44535
20273
22230
32619
63838
6302
58749
69193
39785
37581
13299
44053
10543
33382
2369
29333
817
45548
52041
12185
23701
36938
1819
11479
21962
68645
58453
60751
31343
27555
26730
52495
67698
61038
43794
60178
20973
12345
25983
779
5418
18901
13053
46079
44546
2463
15071
43874
63157
33775
38437
37797
39927
11625
3275
13757
33783
32597
68141
13695
44651
61141
59868
10600
40115
1006
14566
24782
28139
52983
50771
4266
19046
66715
62933
47499
1487
62643
46070
12069
35395
35698
45035
44466
44327
43005
28685
19285
9225
47299
63699
1925
47523
65647
49726
53699
37970
11915
67570
3136
30046
57111
58174
51679
65853
30474
50199
32735
56667
30274
9714
61495
36536
9327
52138
46077
42102
35231
69496
69708
65271
48637
6514
12224
42865
60850
25709
59089
48963
32497
9390
52227
66924
57497
14673
27985
29734
58844
68034
15917
65240
53912
64044
40480
23232
16472
51611
898
54514
16458
26373
30485
21900
33161
54823
16263
12866
44603
67167
27986
3998
33942
47359
12299
56327
36841
39517
1206
64928
41487
12975
30399
58127
7822
31079
2014
68230
66121
55782
18253
2548
13756
8078
6185
36397
52661
17527
43010
13258
10502
8913
38497
14644
36390
23562
14738
38510
41331
27187
15228
1947
7251
39433
11234
19482
34950
41263
39362
62056
23202
49251
2646
52129
22090
55226
11146
31783
57670
26375
21977
3727
3541
8174
51303
14869
4737
47747
36786
24232
13245
69835
4382
37123
6869
27210
54594
19771
7820
48371
1722
33554
37504
64226
17870
32596
50284
69649
48330
60519
38767
2928
25192
33906
11952
20709
54263
58571
10780
32814
54618
4923
18678
29910
13226
63142
12518
27699
34235
58021
12297
547
46398
68591
8401
4970
9865
22927
34933
60734
29069
15661
62482
52426
29184
41206
52553
8803
54649
24531
2079
49021
32527
24571
67511
9975
2041
41330
30102
32707
55501
56289
12287
19922
49451
69239
64279
24170
39087
11086
7950
48923
65371
19958
32415
40725
8049
23703
56218
40158
32734
55134
62101
3559
23692
4047
18224
28747
36415
22118
45446
21532
42014
20491
69202
64535
27426
8175
33842
67094
22586
62325
9322
39876
54983
68842
7985
63375
34006
22807
67855
5686
61225
7332
68465
18135
34824
59591
18563
51783
54194
41207
550
47783
3813
50770
46327
22816
65595
47855
39038
46674
35597
66167
34914
26922
31991
41332
64311
54477
33993
37365
40196
25135
67874
6650
54621
63585
46421
5613
19672
11626
59065
25785
41651
63141
