33510
60749
39373
20535
23368
16539
54123
26154
25501
14193
23917
33743
49083
37578
4031
33445
54007
47340
52276
44191
19345
42067
54777
43531
66215
48259
59498
40710
29110
47619
36269
62757
6646
6759
18560
40177
11356
56565
55730
42030
52039
51284
22191
25607
3539
20427
56606
48555
13572
10910
23351
6584
48957
9438
44582
23215
20971
65076
5202
62683
3098
4373
6403
60939
68969
19994
21343
3447
30682
64815
61521
55719
37093
68878
60427
24899
12642
36494
14195
35526
57167
36693
42474
38926
67835
25214
2192
21800
69151
56733
4587
61470
5607
58178
15699
9804
52897
27041
46468
11942
22898
28091
42627
1429
34513
41570
29108
67150
58109
48044
13690
66498
60931
69310
44957
54129
41498
43157
64432
59553
35579
26910
32658
61120
9037
3143
58194
23367
54703
43326
68306
35811
31067
18933
34919
59028
32776
41179
63566
16385
19115
2011
12627
11989
47305
37676
27464
47497
41204
46801
47357
25786
51406
64453
21266
24704
48411
69447
33181
10441
58026
58959
65813
45305
56132
56381
12243
10833
29147
24499
22414
13599
13555
63797
21933
32086
46248
67664
52980
68874
64478
63842
52199
46146
43453
29266
57047
40264
60309
50387
68380
58300
67517
51602
50623
12955
41183
37802
18737
26826
5585
63893
47104
9071
57112
59447
32462
50717
4989
45604
48761
55007
1499
1277
34179
56767
16946
5115
5360
53730
3567
2797
30030
22102
15010
10003
16331
37326
66896
19747
47021
17971
49172
31610
540
14078
58402
30776
32
61724
66598
54279
55215
12451
5868
32142
5322
41337
11483
23389
34607
65927
39052
14450
20335
47319
61922
47753
51333
4198
15011
1123
5844
62459
25162
34481
21438
68070
14053
4947
4315
58801
40490
65352
59120
7511
28302
23042
3757
57523
59403
51054
17456
38934
13305
20912
21986
68119
45623
66674
56859
19059
13383
21326
65234
13947
12858
39183
1202
24330
56798
43846
62887
11937
51302
56362
1714
44229
43438
57467
68632
2022
59981
16676
20929
34061
20140
36701
18091
29075
48407
48590
67166
44176
2021
2046
44567
11263
23775
64071
2300
14344
60176
30301
38610
4870
14562
69449
37486
50172
35045
53591
20296
19823
1552
18913
47725
35888
31445
14859
45794
8169
49016
61751
32837
66107
33599
17338
32799
60872
44941
56414
43709
64753
61209
11018
26770
64960
50657
3342
40479
57663
29834
67293
64412
20014
67809
35770
57741
50323
61229
59913
15698
4846
1799
40338
35778
68806
9318
31494
21026
47148
8138
21099
30286
48694
57587
26522
50302
39355
52811
65167
34203
28015
46638
20805
18747
53983
37965
36311
12241
7243
22583
66777
13533
28947
45402
235
6959
57662
20462
14976
48860
166
20370
42801
39076
58573
68534
52645
8309
34161
13567
7696
68370
51910
28006
24661
17151
16379
37097
31647
67549
5169
61427
26487
47195
39961
10885
37038
31471
44366
38276
3328
18877
50633
45545
13830
44531
3209
42181
35976
21714
40185
9846
55111
23279
19974
59596
8207
53309
53506
16747
35009
57306
4283
54295
69685
5860
43331
17269
37212
68875
14690
12218
7102
30042
39679
8187
63589
28436
28686
43582
10807
24043
68866
59679
44894
27907
9410
11100
29645
45693
47869
478
67069
55683
61735
18920
44012
22334
15595
42345
11536
40587
38334
61045
55820
9025
64922
28580
4956
12184
27976
42678
27945
46854
2602
62886
44140
58028
13800
61808
28850
31374
61563
31646
36723
68032
9740
69402
50185
3226
48094
45210
4178
33891
22569
31565
15477
14012
27577
8801
41975
13927
57697
29981
6323
62472
55319
28689
44238
13696
52646
33023
34003
12834
18731
57494
44981
29111
40262
54619
53102
55477
69335
45217
8571
5798
24957
38035
38549
48261
9690
847
33252
8978
40554
21779
63389
28102
46261
68067
37811
60467
38707
61346
64625
63438
29236
18889
64095
38174
50738
63702
19849
37556
18975
44689
50073
46472
59807
32798
58038
38915
47350
38822
10596
35935
53812
41802
57138
57238
65389
41764
67836
48563
12837
8662
18788
17039
33049
28724
1692
50525
49265
17663
38886
41599
68198
5999
61034
25035
46045
7355
18746
38387
20645
12720
66936
21070
8399
31878
4603
50765
51254
42545
5419
50018
7409
35265
37343
33674
16735
3926
8468
8753
26025
37454
48141
65461
26474
32101
42501
67070
15090
43645
42502
43941
64338
61047
60906
22924
63107
48901
3382
34547
23259
54587
29138
43485
487
5157
20253
68461
26971
13230
52254
31197
21456
43210
23585
2065
40934
1126
66539
62301
64590
44670
51403
8469
39688
17007
38887
7242
803
60003
33093
23713
60978
16403
61210
39051
69581
4429
26606
22749
18636
35101
54481
14781
25701
48948
20580
58859
25183
62526
29126
3111
12542
22415
49563
20317
36091
6402
51798
67045
13556
46268
51392
4016
502
33029
7724
68506
53451
23350
65605
7155
2939
69255
51318
66399
3918
17831
12315
35521
20925
56367
15693
27017
25119
24235
15002
39425
36859
9999
28183
59715
6375
30826
61853
34177
67941
36230
2811
67523
37962
19483
24130
54802
48013
66315
3566
62406
16363
62393
19459
5216
42671
44503
13228
18855
66272
64814
63318
7007
25074
62124
39383
57302
2935
43416
54118
65891
45104
11481
44656
31501
34777
40894
33953
65719
41876
4632
21239
42488
42683
35910
47615
35405
7635
44250
55642
49007
16393
19781
25379
60669
17044
60922
4630
51707
50431
43273
3211
8070
24714
36434
14333
34190
54381
66771
68603
61
53706
13611
56415
49870
35447
48465
14670
69640
32671
10443
24831
47022
10219
27675
51104
22107
24583
46371
46898
40994
56766
42766
59233
52102
55850
64929
44601
6711
14459
46451
9827
9419
43992
59542
33243
34314
58193
58834
49173
17649
19447
58373
38385
42143
27878
51530
36381
5838
51543
27370
56058
29021
9926
39410
17339
2711
63600
68833
55830
15366
770
38119
47404
994
14991
13898
41057
10098
20643
13382
22631
64538
68517
65885
58882
3643
38990
19382
19769
56999
123
57565
67060
34927
8099
43174
45428
6545
27838
28612
48299
6613
6893
28170
51806
19003
37506
40130
44046
59389
31897
18053
45700
12181
27755
13182
45395
62566
6983
3133
62000
45852
33311
27554
35498
59109
42918
40374
55705
16792
678
18553
8681
19193
41699
31071
22469
28127
8260
37507
41888
16094
17383
67034
28395
65626
3938
66509
14302
10708
17380
30110
42631
42931
65343
29305
27518
63095
52509
37361
36731
21406
43940
10305
16212
10767
2549
5950
34426
38266
33545
60002
31165
51101
57503
18943
26094
50625
24980
64467
5987
45526
37262
2023
8946
5459
41569
8544
25079
50841
49291
2158
61261
25346
21503
45751
19170
25994
46969
62705
21673
7785
10043
65658
37803
9632
48572
68268
52240
23377
49604
9288
28786
41953
17097
4710
2267
5473
57527
34383
13002
16274
64703
11002
55462
11941
57811
3693
52921
46951
25371
16947
17775
34050
36365
10249
11780
13374
56822
41763
29018
53732
50304
15927
33723
43802
53787
28267
6013
49082
19907
35761
68631
5131
67046
48707
36459
45643
56308
8692
16073
31092
5320
23333
46547
16231
59046
50982
15357
27512
9661
43327
54876
43190
50620
21871
62365
25559
15753
4093
8730
42516
28647
69290
17382
9649
20101
63314
31509
66139
59831
19275
53295
14074
40842
2642
68232
28701
27579
38496
31510
14992
57987
251
37337
2491
18042
6394
31763
9449
41305
42066
1054
9930
1945
43457
52802
43085
46275
69747
8488
10559
26414
50814
51155
37010
51026
65692
35017
16401
34533
41446
4181
50385
30200
8827
23909
29146
47279
50476
59695
44109
42814
24238
20298
54918
5221
14483
27751
36816
39267
56174
21672
9566
20735
54975
63445
60264
5979
19484
52119
20703
26846
43455
65978
26313
24201
11126
18861
65353
142
46002
59371
51481
48949
60902
51995
50242
29965
15479
43317
6412
24425
12054
50498
30467
55232
40082
18554
14563
56701
38241
36253
45586
20617
45333
17568
24460
1134
10382
22863
53494
48053
60466
58594
55047
43024
65627
57564
28934
14801
31403
58474
2665
48441
50731
6760
10823
38629
3634
4380
45657
18522
46968
31877
30675
3142
40478
15925
52534
46399
58247
66244
41131
17016
25960
45233
15903
48027
40797
44986
43626
25995
29578
65668
39686
69362
62233
59890
28710
5094
44681
34530
64200
65831
60633
19168
29164
35094
49008
54836
4319
27682
22020
49699
60592
39524
20459
6465
38661
41248
16152
37941
22406
37681
64479
21782
37471
10768
12763
47297
54569
9054
3694
41465
57445
53483
12959
19887
56645
3286
42800
48571
48873
54570
13479
37121
67073
44695
55682
57015
13943
49562
46758
29581
4295
62266
15979
38765
22343
50251
36855
42098
57978
18593
39411
60021
66165
25885
1160
39624
10352
42817
50235
55981
61213
5697
62811
62751
67616
62001
44139
18167
11509
6142
15599
28498
38062
12958
38120
2644
60089
30532
37716
904
57335
49871
59694
7633
13052
14489
32194
3148
49174
56287
14983
35782
36290
19829
911
32231
8649
65388
22311
39895
41617
44507
13074
65779
29638
10713
5050
57134
57685
44213
43279
63744
54610
10796
5180
39036
41068
61066
26779
49502
16973
44009
55571
23881
36055
51208
46683
29786
25870
65105
52029
66922
58133
625
29222
22948
34783
1683
8097
36363
44367
11262
43849
23788
51230
23507
67419
14481
27021
54011
44421
51092
25676
30711
28907
26372
7626
11740
61241
61929
58150
56419
28622
21103
7586
38421
23548
42142
59914
30351
7717
61819
15063
43470
60670
21232
8022
37161
35436
43803
31845
21671
56865
12633
47566
52549
57200
17948
67059
414
11504
48212
3099
59666
17182
61935
48646
53306
26786
194
36614
30552
936
10
19458
9514
3449
61041
49154
16694
10854
50634
67401
905
6910
67526
6787
54290
56495
41917
23307
62834
38745
53731
29753
57462
26956
26486
54611
22007
13741
29760
34655
41518
4364
19854
9069
42324
37683
69280
2282
30052
22507
49037
67482
41865
4735
61528
24029
14523
3807
36684
50583
63028
3381
65158
3343
46450
11140
55129
11114
11125
54632
5823
52014
28758
34713
60046
22029
45982
62002
37436
59141
29483
13933
68558
16846
11199
64987
38659
45193
1347
630
55677
17902
52939
11037
60643
32703
51405
55826
51963
64867
15203
1158
42721
29104
24245
54662
2917
27300
31675
41789
34320
31927
39345
59427
30044
28182
57546
25370
12347
649
35954
11697
33877
45661
19611
16819
27412
3568
42840
19388
48759
18251
61075
19074
1254
24027
47820
8096
35633
21043
32966
11727
57969
14668
989
66945
19207
21027
57581
28891
51188
17072
27883
43313
27617
55985
2710
8257
11379
62575
16015
3874
5685
67623
33904
67351
36541
28066
19545
34643
17346
1346
2029
6261
31013
32315
61675
64531
8384
26
52595
47915
671
63666
60382
20919
65014
43738
53325
29611
25032
5272
36507
34459
19183
5137
27831
16863
59787
67935
30951
51107
12146
56915
7137
61148
56854
64306
30954
45099
47250
9565
63009
57046
20150
58382
16056
68307
4971
32301
13280
62700
28301
34113
44892
6103
57522
31554
20916
269
28543
16695
25157
14815
68033
44001
2654
45639
5795
43429
2756
29509
7166
14959
10351
62188
31226
19629
1919
20831
30075
44895
22743
14534
55561
43209
18373
35572
11688
1976
5847
19349
29829
40642
67205
37286
23631
14822
57851
25441
14994
9209
61334
51248
15978
2010
61699
61518
65649
45171
41510
3057
6618
12881
58330
16530
15007
18354
32746
23129
47554
61834
55223
58181
39442
22630
9742
66657
45423
10822
61314
20979
10906
56730
29347
47346
212
68220
46182
52799
34340
4135
25302
30067
14309
28678
58333
67618
35740
34479
56494
66512
47405
44778
32856
47914
47293
14308
42923
40923
26654
12643
12280
47408
20855
42473
46503
19609
31535
54571
37557
59543
69353
50386
49038
40541
19649
4633
46479
4511
53545
50941
20885
8442
28319
54065
43081
42566
31358
60869
36677
54822
23450
36046
1303
69093
51531
23822
40373
67728
28485
53448
64094
39483
29324
54304
43806
24318
14794
29674
56704
33214
35018
53050
19198
14521
37241
15453
48296
43724
40817
16765
38924
13401
31124
7579
42229
40530
40471
59015
260
45047
65615
45366
35810
29849
7363
48127
60013
64837
67850
69431
42700
25905
61453
47151
56092
2671
18734
6515
55884
36336
7417
23924
11553
67149
19087
1229
29082
11538
52883
32792
31479
65446
26282
50501
50734
55461
30405
20021
61267
68527
39651
30233
16008
53635
20062
16898
11014
53253
5220
65106
54878
15900
37013
35061
12551
739
67864
35781
61035
44571
6188
31220
660
52055
10595
43889
1154
7753
6754
38881
19808
69693
38265
46569
69551
61556
4825
13809
35322
5951
68356
15134
59197
69041
62267
60526
52767
43737
25638
19019
67524
5878
40914
19277
11120
20882
42802
17926
9152
9033
62403
51901
30931
56232
39044
42292
52363
65901
64539
52360
14103
23511
69702
57
5995
6350
1255
16677
48207
24047
19123
66219
66822
67938
9925
57268
19383
960
52170
36744
13534
19803
58781
40714
16965
62507
44779
49186
50401
68670
7157
35547
15694
46147
54860
47842
23823
56443
54291
52346
16791
28172
39620
52200
12583
59547
19783
33466
13698
66412
66877
47393
40392
18088
17710
8183
17825
33612
40925
299
51431
67853
61243
5201
56781
26112
23150
24530
47736
759
46978
59499
36685
20346
9513
11439
22584
38191
8835
9436
49869
48813
64133
8565
69717
16855
15405
49141
31823
47326
18946
14079
68627
7350
50444
23977
66505
16048
64528
65793
14823
66482
41697
1561
2387
11482
38004
2442
43902
2074
65827
46948
18800
47375
31735
44057
12619
56732
33197
52304
47849
9070
16037
17537
32747
48214
45216
38349
43354
36992
51004
50635
12346
59774
22310
5820
11735
33557
39098
52324
30914
29437
38967
53291
4693
63181
53308
2965
40180
44126
53294
8012
35525
53961
24653
1996
17740
40919
34739
68536
66125
5793
64904
27037
9741
67879
34687
46653
17073
30369
12019
45974
62466
19007
43625
69662
63859
23183
57294
56492
36730
30538
33465
55079
52412
58116
32102
22342
281
57854
48757
12260
50381
65997
37098
19241
8648
37973
46897
54080
8156
30223
49730
11577
21491
19898
3279
9437
53846
22506
2727
62862
57137
11569
24839
49696
742
5170
63145
16896
28404
27717
31423
69304
167
59483
41698
43574
48054
58302
58855
32625
1798
27369
49805
13333
34546
19187
52437
10288
7382
47971
42115
60613
62539
15619
61262
10429
30302
36175
36757
6301
52083
16547
68620
49060
33098
4414
22027
27455
4925
25474
38671
32975
37298
12417
28271
3439
47317
30334
57379
5631
24693
10099
23001
47147
29579
24422
17598
15945
26550
55499
46977
42638
64850
28067
56304
62103
42141
59790
33103
59558
51666
55647
13168
28806
52317
25029
68555
45182
47102
52306
51442
27028
68867
68832
62686
67250
62885
36287
38947
13535
20458
39218
51055
41005
53880
15646
16419
48026
6783
51603
24781
20938
29623
64576
16584
31629
45695
8269
34348
10855
61755
63139
7395
18529
31193
13159
49185
12052
42226
59835
7477
27549
15761
28173
38769
47501
68623
619
58911
56134
36853
23671
45070
34898
1402
39594
62445
8249
62565
56815
1271
14733
67395
42639
4854
37099
10705
29966
29728
64796
28496
69475
52353
23342
5230
6853
14758
32730
41912
33335
12334
46401
23
25566
60857
31337
55562
10321
59730
2301
53396
59134
36928
55133
34449
64549
27864
990
2347
26693
37863
2443
46034
2275
53171
3601
44924
60788
62579
39139
22551
61756
20931
7754
18790
14864
10269
29344
64399
69550
27059
37928
14412
15944
53018
59050
11766
9552
66297
7702
8691
58163
11726
44583
15882
62894
3641
60020
51106
16636
53332
18723
56090
56466
25432
31379
54696
65773
50518
7981
55570
9967
862
8166
67822
36194
60814
48073
69123
46122
69703
44925
52996
22106
25646
34043
13766
16583
22513
8761
59654
21589
26082
50869
43340
50010
69656
56814
51187
11498
63475
31146
12475
51855
5049
38296
19827
53176
45997
58041
8250
37756
43267
42660
22670
25766
55034
18330
43939
21373
7090
19628
64405
36881
40593
14939
27712
23974
29341
20886
58080
36234
17871
11902
8597
17963
48428
32159
44174
6990
48273
54858
34181
32857
25062
67209
9540
51966
27690
45894
7875
30040
12771
69408
17433
24135
17747
61091
8923
3937
45029
59791
33199
5839
60023
58087
7566
17937
45399
41740
13241
36729
2082
34918
4670
33523
54298
11845
66435
18849
56150
65614
65947
26871
36453
54808
35601
56152
1450
21117
49691
55483
23910
49817
37375
56254
60296
10830
25494
13926
7707
44048
54586
32739
22223
37740
7293
29961
42033
21080
7159
34331
54905
27389
58025
4949
16027
64607
307
38894
35879
61762
30602
54952
42769
56262
60310
6895
32821
15058
49254
61304
23588
2810
65423
45043
69744
35465
24563
16959
24091
15891
1489
8481
10174
26554
4361
19319
2045
21001
58287
27674
43367
52533
6554
67049
24134
64571
4094
2407
63209
69810
37367
37083
14399
11522
21200
12233
26156
37553
3450
11612
68176
36378
21170
47832
59149
32773
66755
56003
61347
41439
31424
48909
69429
10743
15069
53525
49804
23880
68848
57473
44043
16293
22859
51661
6899
53594
66989
25054
61721
6028
20511
37639
13920
31553
45975
1566
16438
21376
59594
22907
37767
20425
47294
12463
32385
64812
45250
23499
43890
61469
6299
47974
27726
18656
6717
14236
37389
38271
64931
61578
45072
19757
48939
41
65931
18927
37819
3097
14477
46916
53129
6823
52079
37366
30207
25869
50824
27253
49530
26107
25049
59906
15255
19197
55751
14658
57732
66872
9695
4806
7634
44111
25156
30250
25981
32463
43211
62147
2603
34825
40662
55691
64477
34131
47777
62875
24597
17729
58434
61667
65463
53627
61653
42031
32235
55415
37302
4815
38099
50694
41594
38430
14995
31265
68222
8117
3965
58156
45401
18371
19075
10306
63285
52600
24046
38173
1122
224
49829
3645
24682
11075
55536
33009
21254
3266
67673
34621
21283
32318
20830
19650
11783
64609
14154
53831
10265
53988
57897
32134
35491
2233
67514
38423
23364
58958
20910
30601
23166
64030
49933
30898
44548
30539
69506
45163
20081
10763
18029
26883
47220
12056
61923
7577
14204
67368
4124
43165
57190
64404
60272
41155
3110
57809
47331
40097
30519
3651
44264
15254
9650
32745
29593
62068
4025
61089
35347
60864
8391
45207
24750
45122
5749
21703
1334
4586
31687
47341
39195
40906
24065
17235
39342
63418
43475
4946
6640
25767
66254
22982
45112
35298
60121
43014
51876
48591
5605
60612
67394
4924
48551
37790
9927
41205
38677
16259
35044
62003
18983
8955
30683
1395
58069
27530
45218
60835
58691
47755
36008
65789
54438
43750
45655
28266
58916
52594
63057
29637
13687
15905
31175
39162
60948
33258
28627
57122
55791
35958
11177
15478
5931
62089
20794
28203
44864
63241
59146
33363
56738
650
10746
31373
39370
5410
6329
3958
48467
6093
9743
53859
12727
11191
32245
14002
32174
61728
39382
33
11239
37358
2685
38409
9979
8055
19699
27454
49909
49323
52073
10766
68722
24411
18429
36962
22818
52601
18722
26542
51260
43167
28005
64427
66875
65798
59143
7709
40570
3273
54348
52925
33593
41087
62373
64083
41577
38812
34135
47026
53364
51734
11094
55802
29932
12496
14603
49086
28783
33385
45205
43422
6718
43166
4578
41052
25383
46499
62106
53921
49858
9265
56734
27637
42755
16509
6135
5784
3228
29131
44474
3407
59936
24683
26721
2544
9454
33849
49741
29719
22407
12993
13921
35385
25755
5393
29087
23837
20426
43092
1834
3635
30930
24641
37801
18149
53839
28169
29423
6735
9357
18481
11494
28387
69767
22234
47010
56022
27606
20725
37969
28323
54457
48946
59497
69179
59253
10995
21219
60870
66779
58867
62090
2084
5324
40918
10475
65732
64070
20732
66209
17413
50522
55538
61315
32355
27415
9894
57443
23038
63087
1764
3575
14925
38791
9735
49794
5368
21980
8593
27919
68995
3359
20913
38927
52938
2033
22033
23662
13183
68223
40052
8291
22399
14230
11523
6258
23750
60090
61577
66257
20405
48268
58473
50652
63444
37390
58876
22463
62283
48517
473
30909
539
64027
32851
55109
26263
15904
11238
65834
46266
53973
13444
40780
45051
29995
65498
771
49066
47342
43971
57246
4709
15059
39598
68123
16531
3373
25754
3011
56036
16608
6032
68087
58870
69077
18239
21783
23039
64161
54019
11537
21035
62293
11784
46813
36257
52071
67286
23554
25439
1838
14249
10226
1409
56740
2823
46433
17411
24390
57102
54029
8596
51383
28341
11195
63687
40508
17429
7868
44473
27218
53959
2034
21927
35916
47746
10641
55676
33520
26482
28160
10806
55975
943
55955
24896
20470
39753
42308
44033
3687
7058
17167
62691
20887
51250
13007
46129
24159
59699
43855
11298
36914
42319
59700
31868
31222
47813
26970
2812
35104
23089
66333
65375
56417
24243
2619
69285
39793
53818
41189
63641
56914
65718
28326
18622
58151
5667
21554
66413
51093
7578
6851
19279
66507
30406
4194
32158
52090
23706
3867
50803
9053
19543
49155
4282
7523
52338
6595
34034
20696
20702
39400
28745
3611
68355
8839
46902
55163
30414
35140
43783
13512
61325
995
58567
13583
62574
10119
6499
14745
59183
19006
10030
20949
40121
45645
56363
68319
42867
54002
5873
63137
67357
8854
13953
65589
31918
20022
54079
34151
413
149
40329
33033
62456
61629
28864
30439
13954
39393
60098
50066
3805
57247
11346
46306
5876
21282
6894
53774
59409
56735
17249
4183
57696
37100
19956
27753
28044
44178
21449
38631
13697
64064
38277
24625
66937
62481
48885
56285
67742
693
67432
17690
31552
57264
22235
14102
59731
1584
64201
9668
37261
30917
6374
5603
37500
27347
7995
19324
42297
43287
34386
26141
10284
51252
39123
42091
64956
51134
5530
27580
9150
43251
42765
32653
66845
40964
2218
33735
60474
16178
23752
43823
57545
53697
7051
64337
42692
66797
53450
11017
9691
46639
46394
68879
4599
69222
58134
53418
26384
52422
17903
3467
14478
67434
4303
63907
26585
39395
19990
28293
26746
25006
31502
33594
57770
9230
28613
44594
59091
5057
35592
39638
47360
23147
24599
54697
57300
31655
11322
4890
61763
15222
54437
61833
53331
39603
64685
31344
29508
44358
44856
23645
39436
45431
68543
28327
28249
61442
32967
29130
33482
5791
31082
33675
4805
19158
63187
68563
22983
12726
13304
1965
21367
54311
20104
37458
38273
7843
57930
13475
33707
10843
5471
1993
734
53515
56937
45641
40106
7972
16529
59598
34011
31286
62034
33814
26138
23031
29481
38275
31816
4899
3882
61067
35922
27990
57123
57234
11310
66083
9275
66441
66750
65043
37300
32210
69552
59784
67535
13158
48406
67393
11660
37789
35060
43829
54698
13725
38082
59390
40181
13845
51466
40187
35878
16229
12676
65799
53775
23378
37814
42936
45168
41952
23647
59640
9929
30124
66402
62032
29141
17448
44084
14286
10565
57794
16511
40970
66012
27155
41925
59559
40053
49695
23613
57427
63947
1447
46278
47110
55764
17156
62556
65695
39606
24194
53387
67025
19945
44630
34025
12569
11178
1842
33673
26480
69724
69661
31201
8942
5822
10069
15000
9976
13935
23272
68442
28598
34385
3118
58140
28583
57157
68626
17916
20765
16460
7321
69669
13418
52807
7091
63899
45041
18777
35038
23638
30797
68921
25300
38544
15732
26600
3003
21091
39415
27453
50313
51735
20299
69671
27995
45249
51354
51094
45587
30840
60311
64537
23491
1339
66818
59258
6555
65226
52435
15339
47187
37645
41318
7209
23239
50067
30407
36505
55490
19819
60807
26087
4913
14751
39607
35321
11108
42521
52319
45050
7470
13170
16831
50756
38775
763
14139
45542
45219
16877
2518
54162
21304
69763
64638
64069
13194
56995
64698
3801
13077
14059
17234
42325
58081
58761
5458
4042
35490
45973
21753
1381
14411
31852
25613
35777
37651
69309
21967
38239
3530
51635
47009
14041
59249
1617
30285
3650
46936
861
66754
64129
62021
34406
27697
22369
17509
11438
38683
64798
40286
9982
55832
24433
13714
29047
58607
31883
12073
52394
15574
53836
46759
1816
2167
14790
61694
57418
69050
26502
11602
7817
25289
66470
38723
20471
18488
38519
4681
58560
22005
58866
60075
64057
40309
16258
17083
12369
25852
54807
34115
15858
23265
29770
31202
53837
54125
11345
58135
43366
34398
19855
50267
35893
44462
18370
11311
2389
42866
6018
69672
59830
2515
10175
560
24242
20682
61919
20877
45750
57898
4160
6285
64506
2600
22190
6988
67779
9966
9009
57630
55879
68548
58394
33222
34506
69692
1275
57654
16055
50526
31045
56624
52187
37055
15253
36197
55312
66897
38250
41939
57058
66324
66823
67041
31164
17335
8265
19973
40133
43042
10694
18491
8677
15316
18841
56469
55144
24285
7793
54042
21713
42508
246
50655
32319
58601
11733
41598
56666
52870
3917
50794
11734
5382
51641
6391
9251
34476
14522
56799
17752
22830
34587
36427
43365
26256
68535
62383
15649
65225
66855
12601
53838
69657
23006
5535
15987
27609
10011
7346
48891
16826
23698
33963
16535
51163
13576
13829
46325
47816
23398
44471
58329
45895
33954
68489
26649
51720
37499
63924
66751
54030
24619
8979
43822
56779
17662
5061
16115
7057
33112
51355
13750
40242
51832
57286
31383
4672
58914
1111
24011
60509
17206
51517
43071
18850
22512
6719
43587
26118
51027
9081
43254
35191
60673
18736
8003
19657
46545
44304
17450
2490
36722
11767
40386
62402
9231
15501
11015
24409
29912
44919
48762
9839
35955
59179
18922
3358
48606
64351
37336
11759
33616
45922
31584
29641
8242
50970
29165
32763
3865
10487
38730
55013
43835
44961
48518
7050
65979
30059
68758
24903
10637
15433
15065
30678
53503
49218
60607
29514
66874
53754
16823
2030
58940
21943
69443
67823
23457
63301
46046
68183
6484
68907
5349
45200
4026
37339
41791
14527
60836
31715
11806
17296
37498
26239
16751
44985
5429
55161
34499
27270
42478
26727
67444
27754
11279
38597
43901
36764
45527
57393
67442
30415
7397
46970
32554
13715
506
34394
25950
36688
8754
18791
9489
16599
15583
60267
37152
6822
58915
326
43465
36846
2663
38392
3399
57281
38692
41899
42900
13314
42813
43713
45194
41646
44547
39331
10165
51994
50853
66998
44173
36676
4510
18873
13736
20542
31376
64081
63060
34823
17086
37328
48729
56853
5970
59133
22082
58317
45823
21684
67725
52299
46397
41137
37687
39550
34498
38609
40715
36061
43708
24927
44432
38083
13622
1351
10786
8838
67050
48861
69306
42507
60022
1871
8027
34535
24328
69155
22395
42019
18291
51144
34347
13853
8755
62986
60890
6843
47304
46028
1843
30180
34875
32731
69334
38331
63967
12719
42962
959
33826
43423
40204
44091
43486
31890
13075
57317
49788
9348
67217
48734
2523
52125
43494
69855
5879
38696
27610
58853
42465
64080
14537
50322
25583
18454
28486
31519
35938
45829
13201
57184
38394
29802
48687
45754
19698
31797
24220
24972
18952
52300
51288
8188
4705
35276
34244
38532
31548
66076
21392
15192
29084
63508
59230
14498
8858
1304
69233
21734
29061
43271
27338
61399
58180
9483
7059
2073
39566
15994
11428
50653
33629
56286
67624
1338
6268
23896
64723
40022
20521
8475
26334
13742
6019
40442
3629
51447
1270
64967
60578
19246
58269
11976
62300
15937
20613
458
7345
9229
32870
65669
55882
3550
23249
26393
38386
52673
52215
2565
12173
9114
34191
25281
27136
14206
52804
7874
56509
54977
61841
45664
65047
9980
44015
11316
13434
62725
50477
20719
10639
40513
20597
3556
32473
46469
767
20718
28719
26549
23165
15119
37026
13169
59945
20093
10805
8734
34234
66944
43675
23802
38214
68877
57887
1868
65400
24817
35316
9020
20388
45096
65276
16176
4980
62544
60772
43168
10096
52013
6461
69163
29546
1789
51758
49403
28553
11532
29438
11682
29522
56855
54126
21894
24902
15028
36495
62557
7168
32464
3244
16515
32234
37197
19822
7289
58931
69295
19991
54979
14196
53798
629
10124
52738
19194
26895
56741
36790
5869
27543
59664
18854
63075
16387
41515
35007
35105
24459
51802
3883
63405
52341
27006
11219
64529
68792
3516
43524
62140
65124
24129
23661
38665
53502
41049
61252
39636
60739
57025
11928
43577
35014
55563
670
59495
59595
65846
47851
42225
49409
2159
47784
49544
6687
44115
38428
45772
32474
51891
42932
69761
7865
63177
36383
42363
32367
15660
58144
11157
33509
43912
58696
35416
52867
941
31723
16702
13930
41790
33059
12471
60863
8148
10220
23306
13946
59302
66385
30257
13359
47121
42318
48046
4438
38112
19794
6723
58047
45098
13108
24071
5279
28611
3175
49171
39180
9041
22671
69382
54235
42791
64501
8673
27633
29684
43530
25426
62631
9296
36062
59767
45702
14275
66405
60525
41456
41032
11789
41440
25972
39341
33878
63044
4939
58294
47821
1682
31970
9132
20397
41138
55247
36980
42838
16362
11539
64646
16510
35008
53290
21443
46391
18014
44463
2817
32886
63752
54408
69748
55796
932
24008
34584
16560
27084
21769
45023
51843
44179
35947
22367
39645
13929
40711
59033
55467
20203
64273
2391
22862
62903
35152
58872
2547
60008
36086
27280
41380
48286
32022
19196
33937
31808
50216
42535
17253
58015
30990
64443
59710
457
4390
3806
48009
24223
17846
9280
21102
16386
31526
33481
4078
49209
53523
11862
42682
24642
44827
60226
23448
39934
39525
63692
33310
52252
66848
10246
65435
44154
5984
66440
18885
29839
68706
65104
13098
67265
56813
4118
7383
33353
22240
34033
50758
29094
66253
6653
67132
8735
58472
60815
39419
55298
39542
35626
61789
51068
57159
34605
16054
44047
19357
28848
9392
44257
28542
32890
9567
13863
4768
40828
9545
16854
3444
14157
31314
59474
24131
23675
31017
33058
34002
62872
42257
18699
63482
66235
7179
32227
35455
51025
63186
42047
41627
33339
68547
33250
14046
52714
39217
26443
33160
37145
66803
48863
64797
49516
57148
50718
36035
58270
2379
46305
10829
31404
6077
58271
25774
2390
23093
40051
11855
47223
8071
36961
58576
20019
53897
50479
4876
52593
3089
18904
36298
55957
6755
38390
50774
44475
33807
69583
35756
45407
5871
12986
1131
65929
46853
6753
26435
58935
16514
48292
45536
57615
3362
6327
22233
11455
38429
13414
56703
49816
3606
52640
47436
8185
30012
58400
8825
52089
51733
21457
51245
43321
26945
26901
51162
41914
53233
11227
41898
22642
6458
33613
59578
60721
56378
69381
375
42398
10271
51833
66805
42681
34133
53004
19826
26355
69642
24836
32215
18717
22098
17758
14935
1616
50343
35040
33513
21685
57338
24190
64752
1562
25651
58647
45871
54702
9324
59691
54299
67243
61202
37662
11885
56379
4437
21700
40003
19069
53658
60881
30863
68191
51604
54805
59289
20677
40274
33337
27722
54024
1283
36380
24529
42122
28739
33219
4598
46687
45215
31393
26515
63205
8259
8000
6198
38333
20342
63045
53872
7922
14097
44390
69039
67009
21497
43098
9089
19348
48999
14001
53617
67743
15654
60960
8091
49485
67071
21401
32437
36045
20926
18407
23015
26046
29009
66491
52743
42567
998
69578
20572
42561
2449
26703
7303
16567
55148
58644
37257
28960
37672
11728
57478
17626
25063
8422
60610
42506
8722
25877
4327
53847
14060
42282
32494
51382
48745
29460
43442
7571
27987
17430
65596
1470
18718
60077
29736
62709
64791
18921
4041
44622
66126
65211
38181
47443
56479
4711
55960
15936
28132
27698
48336
56643
24037
34767
60104
55202
63723
13353
13955
38847
9775
37975
15930
61815
53507
5446
1998
18807
31377
26261
21642
18007
28275
49602
36023
13709
65059
50342
60231
68671
64593
4974
51346
24833
9151
50775
15647
19292
19906
41727
34309
50739
48609
19002
51752
29044
30461
36747
55297
68816
9525
45244
9709
501
60273
33453
11282
29526
47835
50590
29717
10115
