16251
21985
34237
58521
4034
51024
40045
41417
25194
140
16508
49177
30273
11198
17428
29596
65805
19018
58651
30731
20482
54606
42598
43093
38207
55121
18086
42788
52913
60290
10566
39497
65881
8538
16346
13454
21907
50567
27348
38287
43245
56167
47245
51777
18594
24270
27346
65263
49743
52162
7443
67038
45240
11500
48801
30472
618
44157
16068
52517
10142
9462
17299
41242
2237
22128
13000
15758
10539
69721
64012
5244
44457
14767
6155
40195
55403
9183
4203
38160
61529
30213
6069
54177
23412
6322
60099
48848
18878
52963
39336
32581
34354
51117
64038
18269
9551
21910
59673
4035
36826
35927
13097
31321
64857
61163
59826
54773
11091
31983
52671
63390
17578
41963
50819
9928
19488
27452
14376
7424
34848
38752
36852
3884
28909
15928
6916
23236
3572
56630
64276
15573
35522
19261
45255
65200
22571
54527
40885
64142
53505
42342
15135
61722
66041
28539
59257
7661
64633
1596
42880
60559
60417
42742
37019
13278
55819
43589
9458
16541
44880
34024
52684
8029
17255
54439
17548
43991
67359
21380
40739
26080
23941
42333
2137
40638
10362
41237
32804
18540
4310
52493
37541
13976
1476
18435
30893
11268
4069
31841
47240
57785
40657
28190
7017
64098
32517
36663
5465
69173
67314
29952
35614
20992
3108
39695
8611
59842
8834
4482
43359
67502
61125
4524
1660
13150
52159
26715
28669
20989
9550
47438
41398
68098
15870
68312
43043
46143
6874
6244
21982
32309
43509
38431
4959
49312
36135
35062
40822
22394
56447
13347
52451
43757
4643
56726
34176
49401
32875
9430
23749
26420
61297
8529
33182
63411
316
29058
60087
26855
14426
68002
63261
39491
64787
31754
52718
41381
121
56583
24019
42186
47330
16375
60834
31229
34429
47477
29218
61492
41291
63783
14039
39743
69282
15205
61534
1406
41760
59876
63981
21418
34399
11121
36294
61238
40101
67862
10105
12029
13178
63097
21509
55092
37240
25260
4800
2720
6992
61424
17536
39208
35724
69337
25112
12564
56700
57476
67684
67240
5284
4704
41584
49453
62876
60876
40816
9240
19720
35048
49876
50624
62344
62440
15425
13840
69528
37364
60308
23948
2660
6936
39520
37260
18840
41768
33024
28392
45312
29812
4860
8496
15116
31336
55404
9968
8788
7536
16952
65092
56820
39424
61128
44458
19967
24158
62749
13141
2907
11665
16209
16883
22112
15726
45735
4050
26218
17297
34661
40466
31966
19780
5343
36874
65085
50728
27777
48825
30730
39230
64462
40692
32275
42498
42546
40341
3968
58674
18465
61053
44798
9283
3627
516
8664
18871
69229
23375
46174
42647
61370
26385
9957
5470
19663
59127
45565
5214
26196
45619
66778
10870
64417
24060
33620
17381
628
32455
14440
33733
39742
54230
26796
49697
3009
30355
18235
43533
44676
26857
27504
51017
35891
33055
49391
10671
60345
578
4533
39728
19453
24100
12571
26573
11645
4242
5205
8556
39519
28010
28898
26219
35909
33575
28965
66846
63370
172
46945
4090
67019
25838
29410
61425
20993
41996
66757
52080
8631
27553
26417
54845
60306
54673
46487
59485
5991
62341
29690
64794
18879
3182
52962
9314
7284
52237
18817
52778
49802
2601
61788
25634
52151
19296
1102
19430
42343
34991
2564
18322
28985
40496
62746
11838
7441
49355
23288
37313
48853
17078
2705
23251
36521
45777
14295
30728
51386
11465
6737
459
6128
66521
20593
9281
7049
26599
55513
64121
14605
59943
40126
10592
45282
65587
45927
134
21417
1361
34925
29008
10225
17613
40193
58985
5483
66962
5268
25594
60648
8528
25602
19310
29657
36608
13445
8599
55526
2090
21823
28111
41630
57972
54221
2743
33144
12514
22162
1156
18265
69602
28146
39958
7889
49857
63765
14330
50351
32968
5435
4209
51770
1751
69706
54534
23783
40785
56776
64562
6238
16230
38918
69679
18674
48738
16578
28147
30312
60049
52726
16773
47943
55341
58787
6339
59006
4702
7191
35511
67880
55943
24736
46779
41755
2789
12240
63748
17922
46513
29737
20594
7888
59983
30606
32673
30907
30652
63835
7550
18282
52455
43229
28690
13767
42058
43669
47513
64879
122
19374
245
4033
45227
15963
45802
20977
38508
21820
8574
1106
12062
10832
59315
52835
62026
51695
2478
823
8406
64767
54521
12961
12817
721
35817
35953
7190
7809
64000
12142
25195
32513
42499
22721
48769
254
37249
48300
38460
34124
38710
7406
14932
10025
45979
17153
29868
18236
13094
44337
47742
27542
4828
23680
7125
50778
6196
42764
64955
53351
32237
40589
50674
61687
36237
60593
23081
23243
29811
51244
56649
58517
67244
32441
18848
60654
47785
216
69301
9935
40404
22508
60307
37250
26968
17298
4359
60458
29321
2883
33912
44797
67254
56315
17318
4338
46280
67537
7775
4844
26911
57020
47817
26847
9948
35819
27562
19238
19042
30155
54902
37310
36301
64411
29063
48340
12513
66366
19918
65906
67997
41187
59514
37755
63490
50333
51622
57465
49440
66950
58679
49689
13123
7398
68893
63926
40633
47862
6637
17505
4072
59294
64877
49019
31956
27449
44890
62871
9441
54155
46001
7078
12563
17618
49504
8900
14479
26951
61709
12468
34810
31178
43796
51714
56526
69208
14863
42
63302
6217
60974
30116
61978
4874
45688
56610
42958
42794
50300
41774
18372
51238
26039
34466
50396
41512
61055
20734
21390
44692
68400
52522
67668
55741
43549
37753
39105
153
11963
42496
6607
26451
30919
25040
34774
1213
48882
66446
52081
48080
42267
39158
66378
66330
9111
41197
57464
47556
14270
36523
60398
39279
40093
24936
57017
52067
61155
25843
62452
13092
39754
48129
49554
12783
20398
9287
63800
16919
29691
56344
9087
18830
67505
54453
53002
9282
55062
68744
23736
38066
39298
56626
60998
63866
41945
24350
17862
18549
25914
56346
25577
9457
14872
66343
12510
54237
26646
50885
67174
3442
60600
14215
62025
55907
39865
35605
58318
11247
55218
60882
24173
38197
4872
54270
62179
39997
22736
58818
39353
49501
59801
29497
39305
42979
59076
25943
9042
64827
46308
31527
16319
25317
35492
58774
32674
11468
17490
13279
51215
26784
5855
40060
7357
18013
20958
62997
57024
66997
9094
30523
36449
26467
8770
47392
60318
24819
29851
62476
66185
4967
56651
30741
10365
54133
29761
68395
27339
3081
8517
41936
15822
19209
23729
32518
2382
36134
33328
42675
35022
20445
59628
54524
50961
19352
6070
18466
32801
30736
25810
11343
57932
25942
62722
27383
31282
9384
10937
61371
53752
63974
21142
23178
61417
62343
33265
44898
11966
65179
55313
24772
29417
28300
28899
28795
22554
29154
17546
45792
26714
43760
63204
45662
66022
31051
11130
32085
43511
9075
42438
17778
41105
66015
38165
66854
66066
24167
33384
22108
58613
47415
32144
15034
65115
60463
60372
52458
33011
39035
49528
1846
46166
45778
48998
44521
33316
55310
27997
17579
4434
4530
40603
50842
64988
41784
39461
12063
17891
26434
33662
32141
11129
789
44094
56054
43498
59848
43550
4216
85
22145
21253
22273
19358
14599
772
46015
42558
16868
44357
39527
25941
43072
2178
9072
11911
47454
25001
34878
10024
801
45130
13963
2157
36043
31673
21873
29556
46396
36224
61135
47673
36771
42135
40635
1609
16666
18684
55591
8584
20286
31830
8915
44522
28004
11964
51594
11815
32819
46654
30982
60858
37730
31149
37322
39526
49407
6050
16470
32184
6771
55723
25598
56115
66975
16151
10314
62906
49354
16435
63524
2633
9345
55933
53079
27561
54535
30637
62071
61134
66314
10029
57439
11204
41616
36660
50939
62747
63975
5579
68483
18810
67018
52243
48145
13238
5694
40915
6764
43821
66502
49854
36033
27182
51151
58522
821
5364
66418
4433
15241
11887
13752
30879
18789
66522
11793
51458
7042
11987
57975
663
49223
56164
63027
42593
31172
30513
51715
57550
60138
68687
36255
15397
30928
63973
50609
1362
19450
44330
20067
57512
23570
53003
21498
42733
65178
36588
28345
51981
3921
58875
67219
43114
6562
45270
52127
48418
63489
34200
65454
17228
24077
25446
22054
29079
40634
38065
31744
47977
14128
10187
22576
27641
62552
20689
33146
13248
67685
25820
3535
14163
9488
27785
49549
44095
6255
22784
67945
20685
12581
20897
6861
20965
34457
2669
47870
48749
41108
6620
47508
36060
21641
46383
46465
40446
34184
37570
283
29262
26941
55843
18323
34633
33876
43649
30128
18293
52032
13677
62467
55063
21647
6898
38783
40787
52387
39490
37997
1026
1531
58969
10852
58727
2687
45786
26673
67683
34162
1837
23017
44422
69628
66753
24900
69513
21291
11274
41772
41773
14474
56074
29077
61693
39731
55046
19307
13177
8354
64036
49902
25940
52161
8275
9793
66034
27114
50638
34153
33848
49236
17368
58154
68990
15048
25213
23992
68973
2479
23414
39802
40678
21983
47532
19587
46570
19452
18874
34202
52871
8237
69325
23331
28346
64592
54526
24668
27526
15676
29078
24137
50937
32825
48770
58665
23747
903
30929
43441
22735
67300
37014
30857
4145
5666
29994
62382
64786
18909
9820
9796
37383
40149
15250
46341
2923
54017
14526
31838
63325
11722
6330
38256
65087
51222
42183
36919
43853
57861
61604
61852
925
1297
17062
66825
56790
55586
19496
23471
64350
4714
6260
62673
47437
7367
4167
12631
53005
7282
38488
59974
46175
54092
50398
4190
67119
50145
60564
56621
49326
4202
39369
45809
47658
14475
31931
14160
45827
64077
69355
9389
23609
49184
15466
48926
25487
30126
18206
63105
231
7038
2431
56133
53720
60419
62748
69568
17120
60964
37728
5708
65492
35049
16808
62262
36581
2738
62597
40282
18695
30191
14530
69262
4049
46778
20399
49846
61445
14693
31609
28077
51739
49810
17506
69177
28158
40992
52691
51309
58049
20595
5390
46092
31224
35861
51285
12038
55541
67487
66
37028
15569
58990
8808
49402
23846
11246
66400
9579
59285
61972
66830
49900
23931
1113
50359
46915
41355
64985
23664
49663
17923
41130
46140
3464
53282
7842
62205
3920
20209
7077
56209
66211
59131
5006
55939
27630
22124
62342
59607
64067
27301
47007
39319
38580
57827
2814
41357
55358
43636
9459
14547
10478
32522
25951
36006
58954
56958
32028
36605
27813
32423
62315
1398
22465
63681
36574
20308
25345
50319
22837
32015
2000
54233
24589
34039
50259
67077
7779
41359
12630
22157
56319
50089
24449
48842
58923
31668
67718
54454
13962
15650
37511
51902
26433
18875
34160
41309
13277
49375
69579
28269
54084
55114
22300
58322
57729
64954
15567
39397
65366
69690
31766
58606
5176
31606
66971
5577
20889
12111
10393
38107
5788
2692
53376
42441
17038
42831
57728
55944
46685
62695
60965
36878
36728
15061
40366
5307
57345
8480
49742
23606
63483
62750
28522
27790
48717
4070
30622
55652
58207
51488
21875
364
44119
17708
44368
2790
21314
102
44518
47879
24996
9331
49861
10838
10253
58018
61207
59329
13477
18338
69683
3670
66859
5071
58393
6658
67218
8594
10400
33771
11969
15115
28058
57919
44019
30203
1142
35930
60887
35758
3676
4435
43414
43514
53885
55103
41007
42974
46787
33902
41142
37248
14493
43805
46337
57817
63410
47246
43019
17821
39957
17907
29671
68864
24349
46039
39102
15737
42881
24516
23110
8289
35412
23456
64909
31406
59840
34485
6815
40122
21525
56345
45350
2360
18457
10642
47787
56634
2227
5576
18107
884
26503
3914
31174
41037
58243
51387
43591
20602
22466
7537
51625
14539
44196
56759
31475
20237
10256
38109
36803
14901
33057
55113
31656
23830
44529
30095
2770
69198
13395
43078
63140
38172
31914
28723
4028
66569
14260
5832
36774
27162
13873
36335
36133
61657
39333
60795
3189
69192
68861
13799
18853
45214
25851
13179
40095
4376
62386
43148
13779
8208
39960
29446
58272
8477
38917
31986
36066
426
59975
25763
7136
57341
40075
5815
66331
38126
36229
28000
39510
28347
40632
67386
2268
61233
26615
14237
28829
31977
20526
22312
58989
40046
46998
20221
68353
22269
62050
23374
37992
8377
47713
2582
47672
17205
38547
40062
56100
29263
2529
29327
32384
59164
35689
39093
13267
68686
54016
21707
41405
6338
51809
53399
18654
8283
63513
31933
69743
19080
62362
8238
38555
61969
41123
46199
61273
57544
35850
57142
23893
8405
51373
27240
56
5919
860
62550
28699
24636
26767
11165
3644
23737
40423
51701
26237
53722
62381
26416
36522
11118
21822
23047
41010
31512
68242
61011
26533
26519
49809
43617
55929
7982
11983
32443
24923
45449
58873
2415
6176
68479
31531
34353
63604
17642
115
65450
18290
26819
1960
52347
53104
60977
40580
38999
37416
36643
48682
67054
57775
60799
26350
49581
68435
21087
34069
30195
33781
64078
185
31747
21715
69227
24185
35238
8573
20023
33716
16768
7433
60037
69389
14609
48760
14676
19088
20890
5239
46241
57044
57551
2620
54588
19441
23762
68983
51505
29837
44702
36028
61393
24519
27342
40228
17291
55508
820
34467
7750
65142
22363
16452
30429
47422
55546
29178
2639
4664
56582
64889
10646
55613
8605
26621
40175
60416
19866
3923
24105
17973
10810
23677
60257
51882
40246
36838
64025
60658
2792
45192
6388
30036
14821
65285
12829
40826
20238
11291
45770
38889
31599
26754
30894
47133
157
50311
44799
48914
62385
44287
37793
56631
65468
54032
158
66960
6781
49705
42645
8914
7926
12115
28159
12709
58910
60163
16733
37710
9828
21527
6583
69174
4235
16367
5897
22987
32225
31676
7000
55924
65916
10076
35224
59601
6187
24375
14161
42341
23811
46625
24356
49385
23176
61917
25593
66115
56791
29176
18655
60925
51401
54496
23370
56075
45286
50240
14816
66893
35612
11671
36007
65069
59912
27975
14218
67315
8349
2226
17701
20631
10607
4671
1690
31558
21107
33502
58794
45556
30723
53888
1536
34284
40237
58273
50277
60842
28379
21911
56310
32872
17209
57507
14216
20807
27265
24442
39013
31411
32300
58773
64816
56464
26332
45064
41960
53832
10508
29724
27624
3152
66616
4491
17849
48367
26630
10155
5024
67547
42904
57417
12255
59832
43871
34940
13423
2833
29062
51694
13961
2520
20629
59966
41805
32591
58469
38189
25239
64055
67604
53288
48140
2366
27720
14347
4813
15703
66568
21970
49570
46655
43156
13249
2820
56880
64964
12254
69130
62723
63911
36923
57493
40257
68786
5234
953
17309
37703
59990
4981
23180
52275
23940
27899
55305
10942
38598
46679
6831
17011
47063
54378
62925
42493
145
2483
7458
24333
67691
34065
33305
54834
34990
44971
9783
32643
61669
11670
39119
57962
56652
35753
26441
69348
50865
17350
1446
4473
38853
43895
20265
10811
33591
6144
60312
47414
45907
62048
42433
63578
65893
49327
12392
1284
52184
4840
7890
46756
46164
7476
68001
14867
65905
44953
67871
61010
40450
44341
9872
31607
56358
14219
66656
42591
1703
62829
57977
12705
63826
17036
34908
11574
27658
9001
12470
24616
14471
56180
21891
54310
32590
33866
28826
4707
56825
60846
20231
22222
21909
56336
37226
30724
34905
45010
39289
12706
10963
38968
57579
2367
63393
249
55695
53106
21346
54725
16605
13323
59934
16390
40659
30581
54838
2101
66562
9113
8629
67036
21670
16882
14454
45416
40972
34345
29597
60917
56497
41983
23993
53318
61974
49569
15365
8023
27654
55763
14516
31037
45873
10395
39200
24744
43892
67161
62988
62360
15736
55075
16413
62930
31271
41786
48484
5707
23569
62805
68216
44333
21234
65009
66898
59311
19717
3156
10993
51713
40163
50324
68277
47935
65484
51609
2678
24017
38903
7442
69063
40073
519
58537
11399
10837
3364
7906
11647
61014
11709
24867
47081
33532
36886
36573
29474
36990
63153
18186
4481
49803
67086
40302
60391
55694
19586
15427
14993
62138
57346
34598
55359
48846
39637
46591
21052
62230
1930
52419
18506
66021
54896
39855
35003
44219
57201
10674
19745
36143
54308
36863
30375
5330
27323
2746
26501
40340
37085
38368
63487
51272
38743
14265
19594
33344
34262
15128
31880
61631
13763
6236
59063
29688
65237
49901
34634
69457
5353
40729
10647
69594
52191
61975
38106
48913
3779
16767
30883
6228
65882
62206
48419
47407
25535
59980
7129
8826
47597
30553
49387
30947
65724
15508
7801
57305
33805
17424
48239
4957
38315
33753
17321
39840
33077
31412
36985
19580
34072
3592
67440
21272
46240
29731
42063
37119
26741
24342
8740
64910
48030
24332
41063
60325
32511
67726
46217
15715
30374
8342
49299
68401
30190
39025
44504
4166
39454
56195
47537
62314
16035
10026
18194
35875
67261
29402
32822
34957
57233
42396
48523
40205
62299
5519
54901
31559
36529
40025
15503
968
29389
45598
35851
62371
2803
64820
10758
33598
53789
69114
45338
56194
11454
69235
18936
54206
51521
37734
45815
27629
66365
64974
51391
40118
54705
10103
26297
10500
4271
31438
60457
15871
15884
25374
22788
52512
25338
39597
9822
9932
63531
35899
50565
56789
47781
32067
50936
28229
5017
17561
34128
42504
5990
13031
13526
33770
63363
55903
250
47649
36632
52653
32343
55657
17867
43077
41134
67903
12516
47871
67503
28026
2286
58274
68484
66287
46719
64364
24184
26454
3082
7099
32555
60258
65787
21347
47087
24678
2129
16851
7107
7440
53887
38530
43578
37701
45011
66114
20236
35636
3922
66109
64785
16968
7152
49384
29572
67813
38471
38531
58627
18507
6233
66098
64401
40483
53952
16739
52644
42526
2306
12231
59369
40270
25438
46496
39075
25262
38911
26432
69234
15012
46083
26062
60958
51935
4797
23460
17679
46942
20654
10088
8954
56297
16758
62974
6193
24623
2196
46590
69166
20119
33837
11558
39014
49897
58779
25084
29806
54782
60097
69696
39501
36950
32553
13300
42134
68097
53212
64099
40952
23834
67884
52052
62702
30981
64375
63794
65548
53579
16670
10847
42021
20157
15207
10827
54200
3322
68734
24042
33514
62258
51085
25856
9470
41245
21874
256
8535
56910
5005
636
20630
62216
22937
68629
16687
9681
600
49778
53993
26574
53601
68171
14038
16052
68015
6418
2977
58024
67749
12624
21233
35205
64017
23603
32457
34432
14786
52573
19086
33901
53221
61618
39069
38588
52280
21086
60222
17899
14273
5926
38848
31972
1712
66429
34827
607
52844
47170
34752
34826
10254
48540
20146
36530
55149
22250
60884
690
24103
39711
30093
53926
40931
8478
59933
8388
26450
1766
33479
67663
35225
62870
11131
34776
39034
2432
59814
17102
26396
63306
19331
65380
55253
69057
45213
24945
10748
69031
10257
12397
69742
68122
21468
5464
5534
29818
1622
25060
2216
47125
42790
6557
68579
19558
1593
56758
41948
55473
1082
4032
25030
21337
69776
48447
15055
31322
8152
14688
31530
44105
4237
3898
10868
55220
4651
62744
65324
31727
40333
34226
40431
51486
36064
22358
3600
19085
3437
26830
14602
34802
44776
14511
35581
36426
16664
7774
8525
58476
9611
46273
59340
20844
1904
50631
44085
35486
40485
26211
30994
30759
7208
63927
64841
66465
21313
10405
42684
24165
15632
29381
23397
24056
65597
19859
6292
57202
15373
23170
27279
10685
57071
39297
56342
62421
30187
62912
13355
35767
9417
22141
60587
1387
39893
43240
41873
25263
42933
68214
2374
31915
18189
64641
5689
54620
41855
35931
65242
52036
63785
39694
27285
61136
31208
36917
6563
56507
56619
55572
61582
14293
52482
51145
18997
19005
22021
8396
6977
13683
53350
59375
62791
36013
52875
23859
9963
61552
2052
38601
52428
7396
61160
39120
4791
12105
3769
13869
27841
30060
2698
64423
62551
42832
8239
41286
50455
28777
41128
48476
24269
30646
48068
632
41198
54196
52764
37510
22368
54171
38425
44027
19334
53244
57577
68243
7336
65150
45430
45169
14085
7189
7358
6116
30092
28633
32999
29678
60565
37033
41038
63680
28550
25841
34081
12710
27302
47908
45
21490
40673
13581
46946
21623
48833
4793
29270
56238
23224
8016
8061
45225
22
9368
6693
68540
35475
62130
18109
56078
30987
36960
1474
59513
30109
5706
14611
59638
20806
18036
27321
10087
62698
67344
63184
56697
33348
4413
26300
2314
40042
51522
8724
6004
16406
46066
40074
64911
49641
65143
29673
47510
38200
36193
12398
66912
45653
17463
15289
19774
35403
57942
725
19595
55112
67518
4875
46029
64634
21132
10153
48368
35925
4897
35042
49862
1458
19511
24213
50411
54072
230
57525
35167
62141
23599
7037
33468
67507
36949
40640
56017
63671
56359
24553
16906
8407
36482
36361
46094
4831
67531
50318
28628
5555
35402
44283
39015
60879
46237
31777
68979
65363
20053
40229
50382
40819
25462
23580
39543
29810
47934
44851
45353
31732
23685
54869
68735
43590
19953
39631
12570
389
40225
51883
5840
31593
35871
23681
50383
30234
52158
22754
47955
31953
5310
67330
17101
25477
47134
57948
49110
36847
38693
11962
48477
23935
26223
2001
20084
38678
16502
65894
43515
19327
21748
10074
49929
30815
18537
3553
9030
28959
36827
68978
56978
6337
5622
48648
66411
58980
27760
53909
62735
62345
46856
5592
37457
35189
30394
64274
2007
37613
38454
62044
5231
54986
5927
60624
24222
24663
40658
18527
25839
38705
22619
43755
13327
277
50938
11826
25605
31052
35512
21720
21004
59377
53164
64680
14724
16996
10468
10644
27972
34948
51084
68028
47720
61832
22408
21732
59376
47920
56586
17856
59584
23596
17412
44192
5896
21489
58988
30812
8676
66600
10960
63284
23076
68504
54364
29356
14988
239
16221
21913
43810
42497
63135
69224
22450
24343
17217
18237
57768
53194
43605
33087
54552
32855
59953
31580
15364
20466
23890
48370
54459
13082
63245
65307
30787
53222
16098
27776
4004
46647
44815
395
22270
28971
886
51520
47049
67944
4448
29398
7625
1781
15877
41243
58275
16114
51390
25506
51327
12294
47083
33603
45409
45391
50958
14679
65322
65907
7452
51059
31472
55898
29114
12250
45475
45934
64110
18811
64886
25321
38586
55136
54995
32173
11189
48284
18047
47570
55899
10343
26518
67849
40858
49961
38398
22397
19451
59796
51626
64159
61976
19156
2430
61235
25107
59420
41798
41992
33078
25554
43552
21722
32069
56227
19463
41158
8134
11398
5623
64177
33665
32570
8450
58949
19969
12653
69099
26828
33738
69681
12941
45351
42394
36387
13137
10358
48783
38435
48625
42837
67302
57412
17096
7891
35464
4378
68977
25478
68787
15001
51214
37034
45479
22702
67863
32186
44468
67546
53834
24418
12621
16646
42375
30025
47091
33151
63982
59082
69083
1023
65494
55014
52443
58392
8831
68189
58907
2691
34009
67488
6389
43885
41036
68648
23836
24211
59299
31087
3218
34375
39898
18168
41249
10804
51937
5693
66162
23632
10742
11173
41012
1630
58823
4170
47306
36362
68940
13322
49505
69532
40148
56602
6146
51035
46042
7178
51565
6213
63882
61161
57163
41039
20239
54342
19608
64632
13893
49833
49348
57745
38963
4951
20538
10724
47571
40818
15463
11982
61286
45138
9694
7255
35207
30212
41519
41354
15551
38138
14010
27474
15907
66644
13143
31470
11052
45066
40551
46613
25337
61113
44808
59843
41854
66134
14214
5404
25673
62494
58114
41603
62232
15965
9838
17136
55158
54134
60722
784
10962
24210
57391
39332
49455
24020
25915
58997
59622
23942
39043
34295
47901
40448
30795
38536
21862
46459
35076
18458
10162
16497
67519
16484
1212
24822
58795
49130
56989
52803
38188
51171
43648
36233
37189
38470
51980
39848
12251
67172
15759
66595
44190
57805
40584
40892
10606
41111
47541
65740
29325
2809
2505
19674
17465
29002
55995
23027
41820
24276
19814
16136
10581
44714
11961
11894
56226
58416
59452
53541
34214
67894
61479
14346
19839
41392
26537
6239
26381
50331
34855
58942
23052
12009
29397
31269
1319
2788
35542
10111
761
27968
37922
23994
52598
37380
35688
190
63729
62766
60567
25241
57276
40379
66310
36551
54158
57825
40539
30527
33638
54147
60477
14453
5469
21
39118
60350
7359
68888
4086
39800
26383
66328
64139
28521
68812
21141
34853
18268
55481
55309
57162
3554
41110
61710
13837
4336
59540
28396
12180
29208
47988
11501
64476
22780
31249
45552
46393
67453
27377
36201
60259
60639
24518
52970
13081
55714
22549
14403
45830
7048
35148
12562
60924
69085
55663
50761
8439
7841
43036
21022
29836
60877
4165
42434
5306
58544
60048
24699
53471
49063
23277
28234
32187
26465
55938
60953
637
66723
61504
59886
49339
13671
42315
69722
11224
33881
6326
23864
8110
14902
17241
31522
14101
10913
13030
33373
9993
14645
17994
2099
8721
31917
14159
25850
31774
3739
41290
22445
12717
36334
61996
29001
23028
21419
37225
17604
56546
48436
8781
21151
12952
48766
56027
9890
50041
2697
36243
68496
64410
26886
45410
50154
60552
13085
37084
59217
49879
28235
29929
67013
25966
34145
35649
1281
17305
18672
6704
48912
47858
19662
51286
52929
37957
31368
24402
57161
49406
50577
6290
30281
20652
43244
39456
56996
6321
23162
49687
36050
1299
61814
19799
24688
3632
29607
24166
4029
53835
61124
43513
41762
39413
44331
41247
38117
48765
15875
48854
47772
23934
6594
5275
18033
59313
10037
61419
20569
58299
47071
19711
34753
48459
28093
66368
43682
54485
28072
20826
49065
21301
66163
14689
19728
9610
23177
46943
8331
28150
49104
7360
28698
103
62562
52291
54704
7813
5365
29086
58004
38134
26286
7565
69197
41287
18037
66357
16281
41449
24198
36072
47743
68316
15772
6208
62160
23125
2694
52928
64563
51748
19326
54868
36037
43707
21929
41754
20795
64158
17911
50075
28989
48897
54341
14335
2539
46090
40535
25499
69030
6182
54094
46253
45295
47651
41558
28038
52890
13083
56748
4662
23106
45622
67649
62210
65062
51185
37062
12509
25486
19240
44933
17885
55094
54012
18515
53220
18069
51375
25813
28009
58736
63910
6336
34763
13269
50643
63902
43241
13433
66398
47449
57436
16705
19815
45354
14011
40243
18782
11970
56253
28100
10493
39740
38842
47302
52066
21572
33048
11436
34554
15564
23444
35052
32976
17753
5578
1003
52502
65509
17061
60304
51988
28233
8083
24538
62221
56778
52866
35966
57481
11065
36414
31289
52806
63743
59421
57422
46004
42397
42022
29631
3435
62936
57089
28794
10200
26939
29076
30645
43564
38554
33867
20163
5331
11649
42000
13049
55077
44436
55840
49975
49706
67279
68313
38537
16208
36242
12757
2455
58082
10846
6770
38964
36784
15498
58800
59482
57830
61701
28432
44106
57141
13537
17133
53875
38360
35051
45831
19444
31313
1143
55345
11883
45965
58772
40127
21861
27490
18844
16067
28470
61630
7929
68418
16964
58305
3768
57339
40227
16304
44577
47872
54501
33695
16344
60935
253
66763
52009
52155
10853
39899
42829
47999
44286
29865
32713
38965
2747
3172
55459
61394
3532
47212
35495
49553
67672
20264
16835
33294
32148
58778
59592
27354
6280
38959
28057
50962
58948
61234
46495
34599
52483
52558
17993
57863
30677
18105
69411
14368
60248
66772
37520
7765
5517
1824
35180
35128
31260
17400
14856
59780
54726
12729
11841
30547
62453
51311
200
4458
13620
8279
34799
8883
25364
56650
34252
27303
36514
10776
57746
38655
40232
9749
15386
68413
2486
16719
61851
42485
16884
11787
2677
55488
6420
21752
2745
29387
18752
58614
10751
58417
65329
4966
55229
47090
1046
24754
45611
46552
1623
67185
45944
69664
65687
16667
36991
26867
2742
15379
17910
28289
60205
45247
55128
30121
66339
64160
948
56365
48979
42193
5237
18727
56147
34166
59466
46439
48549
12568
53421
49600
21094
47431
14162
46884
6226
10170
65686
10702
36801
42732
29103
11830
42841
15408
4636
20664
36700
31700
50397
38335
32669
42658
40378
52027
1663
29422
25704
59088
33203
55881
37611
3165
14528
56979
26173
17134
13562
48782
58292
21592
69512
19353
16811
27473
67662
11440
33418
267
57143
69620
52019
43642
56765
28587
23925
42161
46209
18888
15296
32724
53359
52459
67843
19971
43687
50642
3934
30147
62696
1713
33439
265
62874
45599
18195
43307
59815
35072
29167
25773
20038
18098
31575
18083
1081
66325
19050
2208
53115
29115
62721
15894
20653
44643
44934
30371
68844
69226
36405
9185
53772
34762
43676
14651
27475
1991
40943
18809
1765
42167
3573
16647
10845
67632
56527
23536
8642
8711
6875
11996
67291
51374
48217
30663
19455
32013
25543
54917
52295
43075
29419
62161
45608
67385
24022
54031
54752
43451
56149
4051
62146
4321
51865
60762
45976
21624
32041
45119
24689
40795
28775
15129
38846
54390
65177
35400
65902
9648
65327
61208
59877
62478
55130
10366
40596
45118
34775
806
63940
19082
24558
62424
7524
60327
46824
43972
12107
61426
12122
24335
60710
8765
48665
8610
25534
21692
14172
52769
33037
56745
64654
65061
5389
2151
32698
27955
13839
49461
10982
13019
10417
36025
35077
46742
65336
40756
10224
40786
52845
241
68922
63112
48623
1981
50238
20061
52450
25229
61248
1581
28214
39511
33308
46879
32714
5880
66594
27823
56445
56191
25485
59465
24733
37914
26943
51046
21251
33470
60305
59218
69469
43551
33086
55474
22305
33202
66006
41858
68253
67255
32963
39440
55331
33934
65066
49677
11619
69261
7678
32929
17
56018
12839
40245
14444
15702
31882
30393
33113
45678
20457
4829
35473
42661
58865
7840
54674
51822
36431
27782
57736
25812
44340
33828
62509
45379
66039
36285
10299
35217
32603
6441
4661
17720
24221
11968
45826
11786
68169
41141
16738
63381
1605
54644
62364
53645
28517
28517
47998
30349
67003
46612
46895
56635
18207
58602
1327
3055
50042
35409
21312
38520
66042
10364
2960
6021
37018
11497
67895
35754
39666
51058
56524
22745
10750
2896
39887
45814
51623
35783
49476
30199
2322
47593
34542
39964
46438
34568
56460
43597
26226
33882
24282
3518
62228
27540
39873
7180
64113
2239
26874
4053
5394
24102
33280
17694
12349
9680
23302
44935
57182
13629
18632
68397
49257
64730
55811
43231
10186
52719
62195
10169
17037
68733
20982
34704
27277
29531
25414
65141
27033
28773
28730
54256
20874
37207
45984
2132
3517
49224
53061
35369
50686
44990
51919
54675
69331
22870
12877
65090
31125
22755
7930
55823
34480
16417
69723
8295
30348
46941
25799
11042
10361
65326
54159
64674
42201
689
43145
61162
51368
6730
44923
61520
33991
10081
8146
8296
59993
24178
20922
68419
65570
62313
59399
66043
44970
45378
38645
14043
27224
30342
50352
10041
6343
51098
62200
47498
59219
26301
18045
18082
16407
24266
7931
28064
10861
41976
6311
43947
46384
30901
9652
9556
5925
38127
12838
41234
47482
37227
30996
51644
32281
36209
21281
49777
66181
58587
25798
59496
47040
9408
32433
55482
54309
51057
6834
36593
32219
67536
63605
37356
59446
4238
46646
8116
48033
13563
36423
11758
69097
61005
5301
64689
34706
15765
1177
14408
14990
21575
65046
45746
15689
57747
51897
20497
66403
7770
21061
18046
47183
480
36065
64047
1223
2465
68958
55626
54207
49424
55328
4507
60628
27183
65138
30794
56611
21092
46087
19178
43670
53223
15690
22865
36860
8032
64048
64291
29354
41874
47248
30458
45450
69178
46457
4110
61013
49370
39951
58494
52065
53041
11117
57077
18391
49812
8553
55102
17996
16493
31863
1393
14647
9689
59795
48385
42314
44873
27190
64675
9330
18705
1246
4360
53114
62972
57983
47014
12869
6457
66679
59788
41107
67168
6573
35109
66336
60389
52017
47303
63189
7429
390
15902
5939
40391
62789
64234
46165
8441
56620
29630
5489
59057
56977
58822
63551
18325
49835
6273
46294
57549
21305
34104
30100
21297
51051
47782
38856
1285
57313
21603
54423
42782
25180
66770
3955
9577
7104
43113
15651
48893
27431
67027
15356
54312
37918
15757
36169
48938
24311
34528
31209
13778
64669
64258
12166
31523
21021
33241
22500
30986
31191
60728
46544
52492
3715
4950
14042
38014
24219
43332
23276
65964
37923
11669
48121
1407
