8129
9161
30048
69160
11548
60294
18712
68077
59560
1260
21209
14649
20578
54638
38194
11566
37849
47352
11824
30780
47152
3621
36616
22320
55201
41986
63516
65942
62298
9077
26872
55393
51745
3012
53804
1233
38689
55564
61913
14057
11228
63880
66589
31944
69853
65192
67176
62450
51016
51221
40473
21504
14918
50777
50410
44060
62112
19400
20695
67609
44145
15881
67145
50540
31665
32771
42312
36892
34373
16721
16289
67825
19219
33897
1185
11748
51936
21212
58224
3092
65156
22552
22553
55452
47041
48681
5933
58204
23954
36430
7308
64213
51081
22965
40800
54641
32644
52544
40940
9520
47705
26869
66180
37921
31243
4988
65029
45280
51796
52156
9753
6716
46560
39736
40916
8888
64164
16857
8984
18996
37609
28108
1845
51812
27309
41469
30379
48424
68280
52944
21708
37005
47804
2141
31718
57054
54766
48280
9452
62769
13180
44513
24360
50329
28530
58934
15984
23612
33204
55520
63420
10548
21276
15324
62984
31752
54636
18356
69424
57460
12389
9508
34588
19952
65368
66948
22344
48576
5424
37376
29017
51728
7704
25708
6700
69756
61272
52556
19520
25688
124
27392
62660
37320
9232
3100
2504
69236
30604
5964
5105
39601
47286
11567
55153
47697
52814
24249
32129
58413
28008
61649
26618
44576
33549
756
21810
42244
53649
41987
17873
2889
10553
50805
32048
9657
10676
160
13774
42005
30662
49685
59325
27381
63280
42157
47468
63282
47614
8733
67147
61374
10161
16821
46022
28925
61989
32820
29874
59256
2121
40029
19049
38216
31801
36944
16128
49736
42404
29040
45117
43856
61336
11092
69612
45820
33681
54973
12432
17204
62628
8457
53632
53320
30661
31257
62533
21740
18001
54170
69288
50556
5248
18608
61736
10320
54642
32545
39861
8983
15920
31309
7032
19392
48548
825
24905
62093
24115
53210
20680
68415
13232
18162
34865
63543
52250
35208
40252
13780
68740
22940
68412
55122
15605
42249
47400
15720
41288
30596
42250
67098
5677
64193
39421
53072
40433
49165
709
61052
26577
14137
48377
8868
48100
10302
19571
8394
45311
31204
65940
13172
54767
20048
13316
25901
49752
69540
21561
454
10184
20636
67576
21336
47244
32276
18611
7226
62030
47564
1656
38309
455
9808
32084
38552
6564
21904
40072
43012
54764
42277
826
56805
16496
43653
65084
62072
65196
31912
65849
62916
54500
33564
956
56140
32632
17813
48664
32449
4164
68664
53688
57484
41749
56548
21208
54212
69028
28652
50975
4445
1564
16290
40980
2937
23564
45541
61408
51041
39065
65132
50897
452
11360
50864
32544
47160
54765
31384
50974
20180
17629
13220
50785
1317
37605
64056
49084
36429
54761
15293
15808
5072
68288
38644
12160
34441
21916
21044
57840
4628
28756
6809
9609
10494
63109
29980
62184
56673
47268
19760
9344
33188
57088
4544
24248
20064
8380
2112
6892
25428
47192
63820
1589
57485
12424
39628
67785
33917
36964
19177
35897
45477
38977
19172
52797
60994
49992
15436
63448
23315
67268
913
640
12924
5376
14945
62928
63260
38132
67146
26221
38946
13660
39672
66581
3524
34376
47048
46012
48641
105
63133
11393
3065
53982
28037
64920
52133
17630
54190
21995
57056
65404
42584
37721
29758
65709
30186
46509
35528
46020
12492
28537
45173
45972
31524
62376
48364
40038
57773
40472
61900
27209
55123
48640
12769
40809
61984
41657
9583
69112
21404
39773
54676
65129
25066
59124
45310
31496
65140
35721
9245
2948
49220
59236
56948
44644
51461
30792
62868
35873
61650
4476
32973
45960
42984
3668
50980
34144
53808
65260
504
23721
64240
35720
41608
21836
20148
44272
50561
61713
41897
42100
65184
39385
53224
5978
32280
35541
3916
60480
64500
54056
48544
27592
844
59768
25668
20688
42804
5940
68080
60576
22440
4480
40868
7996
35348
31936
2936
16088
37808
31608
63252
9352
31100
46356
65716
8128
68752
58824
59648
36452
51444
38316
22261
49936
5768
11336
45920
41980
52188
16949
18976
23477
48710
9856
20172
57824
67610
20660
36488
43399
47193
21433
4465
13544
13900
60589
41896
14585
6417
58016
21344
37004
47640
14598
56637
30378
59293
32416
60796
62605
25872
32733
65328
31084
49686
12209
50780
68360
68576
50060
63308
3388
21996
59984
64005
29744
36596
39856
9860
53340
21128
50516
35112
9560
2004
43832
25104
40568
47128
68072
31011
25564
65088
44840
63528
57082
2252
47958
42004
8522
56316
17893
29554
56108
32500
25024
12557
65176
28896
15363
29853
48524
15752
41096
65730
58924
63660
48366
39940
6604
49164
56429
8760
58656
52196
16536
64118
30420
12197
21084
64468
48108
30216
62116
38068
35640
8458
60656
55360
37980
5044
65384
11289
44277
24820
28529
47029
58637
14424
59613
27488
15812
21612
44477
64344
20600
28842
46021
23192
9700
29380
31088
34636
28984
11684
44108
42313
46784
63713
32213
52813
20472
63977
23853
1349
63048
16620
4516
40221
55188
59684
1640
47028
9768
58933
64040
29216
50965
33488
63661
28873
9420
67952
5444
13216
7516
32789
39260
10262
11797
66344
15045
46684
32130
39921
21601
67484
67144
44921
24448
22380
20752
42708
30502
59588
34236
39541
51608
37420
19568
46696
38504
69796
2388
60934
50453
57560
20244
23008
67820
65456
11980
46112
8633
34281
20892
61612
65149
26781
31913
19896
54721
25625
42909
2364
29757
50790
19993
29393
48933
11892
51921
5088
38628
8632
48277
15361
36901
32289
7548
39489
9621
65480
381
25533
10537
59744
22196
39508
68868
39868
27648
66728
47942
36260
21396
32444
67786
41900
27572
63425
20900
61025
580
41658
55980
23385
4466
5120
8192
65236
63560
13784
67760
16524
23344
5748
35540
66604
26540
51932
716
22436
14556
41712
27424
60440
27732
5492
25288
37608
51732
60705
14421
2384
32972
69364
15712
54884
51000
17408
40452
37692
43920
8708
52424
1468
28148
27120
19220
16064
50197
23541
62888
25532
192
4212
20464
47384
17631
47264
18032
56688
31089
39862
25160
19281
36400
58976
42596
10812
17805
24380
31009
28344
26144
34981
31010
4467
69833
26652
51204
64662
19848
55540
22461
15665
45084
35340
47194
23492
59137
46052
38375
37848
13208
43921
31924
51433
24908
30672
58548
9996
57492
63976
45480
44712
32408
31828
48804
28120
436
1624
57568
1844
1668
65284
14540
10952
51649
50061
68377
9421
14705
29336
60668
69361
45012
33312
65569
56648
17396
1885
19269
49720
64640
17065
18203
180
60933
65536
25512
6540
26145
21924
14353
23516
18648
21056
62484
7436
33314
45904
5917
51717
40681
7936
47629
38937
47941
54100
38938
49557
50244
43768
59350
39681
20552
37982
29996
59812
34892
30248
53592
25177
65928
1257
61880
61341
3196
54520
4256
4076
14417
52688
9720
22460
11361
30969
8193
59797
28201
18208
5384
13036
37889
36345
16313
38908
50452
45776
5976
56400
35648
25516
42612
3248
66033
3240
36098
8136
13585
53304
26041
53816
22012
46048
25540
31360
65848
41758
14961
35941
56617
61008
68416
68105
22805
13813
38876
28797
28576
41349
39540
7265
20065
48361
10268
43390
48916
53016
32388
1957
38060
1352
40808
16125
47792
62536
50414
4213
60832
50442
49120
18628
12792
29944
11024
67117
52216
64033
65936
53500
17528
64340
27308
27796
69388
69360
37549
57924
43389
27133
24756
68101
51460
55413
52965
59351
3788
45989
30784
12357
69832
36913
22956
20228
912
12628
50740
51872
47880
8772
34424
10033
17628
51080
44888
59888
53292
37493
4460
69356
4868
53128
25741
57966
43536
21917
1855
1854
22013
41853
38416
37312
49421
16668
29384
19492
24868
14809
42757
60805
28536
14509
25917
16126
58076
8969
21884
25392
50108
51928
38264
51292
52108
35100
28748
11128
15666
28861
37612
453
18609
60993
17745
56456
46768
65696
17932
45336
68860
17945
56973
20373
47100
45868
59970
39920
30760
23168
48038
8964
27628
45092
11700
64700
15377
15377
7780
33960
1094
36900
39869
9908
9380
66844
23996
43977
21444
22732
3236
18944
51421
68081
2904
2448
2996
18448
21644
22304
28924
19533
10976
11444
37857
49200
51192
10048
27048
17768
29000
25492
17668
50832
38944
55204
69268
45569
63712
64628
48037
656
22844
39948
30521
14508
20568
34620
67028
15281
52064
27940
43280
16772
22400
20128
42156
49464
14317
24148
53436
51040
21957
68525
49558
57448
43088
11397
43304
19534
24528
24416
44698
23625
18413
4960
62236
52489
60158
61232
38476
45368
67448
39114
35880
39764
36296
24016
64236
40676
68825
44180
26720
3348
38625
15004
8021
32809
3666
17049
32128
26436
60316
41532
65708
31804
1093
31168
8657
24876
19740
52745
67184
42628
104
19417
8819
35488
5669
32536
37920
40682
45052
5212
2584
18100
30785
32569
36460
32345
16372
32224
42076
25076
5400
24081
7113
28312
28948
30889
39064
15667
5651
67424
62940
41202
18276
56993
51862
21784
26328
7268
24884
62318
1549
1416
58932
25124
9264
30520
18624
59349
59308
7009
26688
48800
19761
20628
51716
9600
1973
16097
45680
10653
17972
53848
22028
49564
15532
7708
33313
3276
68376
41985
30616
59248
26653
42118
23312
13612
4404
22424
8970
5624
24788
24924
2184
44624
15948
17048
20577
55424
27912
63964
10588
13064
30884
5977
26620
62604
9504
3620
4716
66740
16832
18569
30329
54677
18596
66072
14472
23000
55816
41233
1836
59649
58244
34609
24272
49849
38445
8818
48168
25488
4048
29361
68393
34700
40036
24880
51028
33124
62949
4732
23064
24424
19920
39640
40421
56236
36704
67793
35957
38984
37968
64472
5650
32616
22760
25581
57616
22693
22056
43613
24789
15044
17461
16201
27932
46212
23384
47296
17208
40244
54493
14552
52500
61760
805
56972
25916
42784
39480
31452
48709
17584
1636
32065
30720
67608
48360
19992
44728
62192
14940
50076
20712
38373
65685
12928
30028
62837
66705
31636
7165
40304
22336
9582
26576
37916
69276
44348
16621
43936
41308
39863
41148
38337
57236
63364
43792
37858
14220
41776
16204
20704
58220
2408
32944
62728
37940
37693
40876
65464
34993
64024
8236
44936
26724
54640
59624
1700
8817
42641
60740
7216
15108
47265
37372
43001
30320
63421
64600
16441
54404
56692
25761
33472
46881
35950
58165
53393
65684
4856
32272
56933
40717
18202
18200
24364
30850
34808
67688
23704
32096
27493
8620
45804
53180
7316
43804
52197
12328
57081
47285
52669
44604
15124
58956
752
23669
47613
3144
26556
24545
44564
15348
27652
40889
14960
31133
41680
12268
4968
53980
64992
52020
2328
3452
37304
50972
64892
47836
52680
1896
52220
63344
52440
30916
15392
67388
56672
49056
66696
29444
62084
49524
25388
60060
8321
28872
24132
10996
39300
47788
46700
21353
3256
25984
1228
54533
26865
13460
62396
9724
16024
54144
21792
16356
52441
19128
29785
39765
20473
37516
40716
29553
65304
56905
26229
51524
39016
20741
65408
18328
13676
7776
19901
4940
13012
33780
68884
51920
6858
31704
30328
14104
972
23264
58672
58249
25025
34508
32204
44512
41656
9581
19477
8145
52637
6648
30664
69542
33548
45309
46680
22152
63864
8404
27856
37868
58236
40289
44397
60888
28296
55456
5670
32829
22161
1039
25896
7600
62592
26000
59309
39596
62593
51961
56908
52497
16556
22778
25120
40376
39888
16760
33668
69837
61624
13472
7148
30057
4984
32108
1056
54476
19412
37081
31117
12085
52132
68012
19892
31888
20813
15942
6080
19092
17276
5108
67148
26749
17812
22160
51148
59061
9104
3349
7608
25987
21536
40890
49972
39428
11464
58652
50092
44988
12544
56812
4444
36368
17288
65412
56976
67204
60706
55908
55708
16856
25918
56424
17692
15112
20816
34100
20068
13997
34524
52001
44672
47280
54156
51893
58925
49728
48668
51029
68972
15362
14708
67188
51972
58084
51588
46236
5448
20904
34644
53817
15393
22869
39509
49276
44396
1853
24925
16565
23072
57524
53981
40028
14820
37772
35820
64052
27189
60380
5676
35364
7880
35864
43560
15488
47292
26045
16644
15417
35868
36344
50308
68824
3036
6277
41881
47957
60804
35432
901
42119
54169
15941
5684
18201
22952
15604
13749
24812
39816
61405
15840
60597
24622
57617
12501
18085
49684
41348
10717
8869
15402
36148
67821
56293
52388
34228
20864
45660
39708
9036
32268
59772
31090
30416
59368
14352
47696
38338
44640
44308
53864
29584
35949
21964
15681
60228
57621
55868
864
66052
59716
39660
38756
20196
17652
46366
50160
43720
35971
17360
59144
68801
25145
57618
43952
10160
19889
29217
39004
22092
31308
53352
49640
42793
2864
49744
41574
48352
51888
41461
8228
19416
16465
24080
44172
44024
27097
51428
53996
24645
39812
9224
648
39700
8428
11529
59372
26424
7988
7264
65960
1038
63422
21940
69117
39113
67276
60848
15232
1253
26680
38372
13217
48276
6289
2632
46320
25212
6808
37548
12396
39832
63236
29080
56934
49413
22053
51861
54460
34282
35733
27353
24540
19888
15040
67040
2168
67072
43520
3292
40144
28236
57181
69541
46220
14597
50544
63564
55712
51552
61792
55492
37732
63704
35956
44944
48564
46008
47060
1588
49680
30989
31544
23320
32288
11152
34328
15940
44208
11040
2224
36604
61196
4580
58868
60460
12768
41676
9181
34864
4200
14596
68476
20069
6672
6500
16624
62838
55189
6956
65865
46041
21097
54189
17372
65248
30324
52964
60352
33500
28149
41460
34488
46896
29644
20421
35881
44697
39108
41228
23624
29245
3624
4733
4168
34168
61293
64552
66317
4024
46616
461
47200
8004
424
57612
20856
11541
25580
18704
41600
63036
39692
12464
20052
10956
38432
62836
25762
31132
48084
62008
13584
10944
39864
38865
44476
1980
17944
26241
19668
60596
54436
6248
34372
67584
12196
50896
25740
26876
2088
31116
62732
13808
16812
63084
59856
2732
50860
15608
14076
30276
53432
31236
57988
55444
10476
12612
14604
14568
31364
67528
62548
36968
14469
7008
12520
6656
2169
59484
41880
14029
59301
40608
8680
57216
50632
60284
11528
1972
60280
50261
68472
62712
65661
8700
14100
21096
45396
56556
18213
16520
31572
48401
57619
19556
51648
42176
1952
28317
50320
4985
65864
13773
27700
39384
21908
18860
56500
13056
49920
43985
37972
20705
9905
25680
48356
19380
31717
8832
23508
60833
5800
9961
39616
2624
22772
12816
7568
43425
66097
67112
58465
39745
15096
32212
37080
31101
4156
32928
48872
2436
24904
54396
31692
53648
5309
37880
47917
52461
13284
11542
57352
59969
60929
32340
31134
50861
2044
58234
38806
40288
68340
69269
9464
55190
47232
59985
46436
38234
11704
17008
60640
380
26336
28208
56294
9162
50776
67189
33096
14212
24768
42460
5052
26604
12444
63408
56736
17852
10212
25608
42436
4836
52856
49844
62680
46732
24824
51860
67844
57333
2428
43372
31256
4416
35940
4456
21440
38688
33216
50608
65508
48040
5649
22353
8178
30029
18412
42228
64769
61028
16124
34092
20780
56448
43032
56276
55236
59616
11732
66096
13996
47061
17484
55412
14056
36097
53408
15680
36848
31500
61237
23860
1701
37208
23036
18500
65413
34684
55200
36568
2580
36333
66188
39853
36552
69180
63565
68936
58624
33092
33028
23313
46416
28104
3948
46880
46688
39376
58412
32901
25732
66933
10656
2120
30344
45744
30769
27096
18336
19821
32808
66148
46741
16025
51456
47628
10472
5144
23855
26684
63840
32456
30236
45476
61585
2880
23888
40824
19748
38805
19373
50857
41201
59060
6964
35948
52462
46576
49072
29052
27405
7212
15184
42744
10716
38820
49212
31796
41988
59956
67436
31504
47745
66540
56988
52
2128
31361
63256
1037
36592
56661
14470
24712
8709
8784
34028
56196
20272
19521
13560
19176
21928
25176
3504
67024
48696
59736
51281
18212
45347
31976
30660
45768
23620
35937
18056
22752
3140
25733
17596
66908
63552
23854
15968
20740
11273
17872
50200
55852
37913
38097
48748
52212
33529
64312
59857
22354
67473
4169
61372
64629
7692
66680
52044
48132
66316
31541
62549
59792
32528
67472
15292
39588
31362
56784
27212
31036
44288
63108
55996
52144
17468
62524
5056
14917
66812
18524
18161
8276
18080
39412
68064
22777
62944
22580
47612
42640
65613
60928
41429
52192
40276
57808
24732
34460
55048
20764
8804
10680
40076
31160
32068
39193
34504
19578
17032
47184
26740
69836
8816
31540
26220
2881
64824
52896
23761
5256
23314
524
32932
55680
67412
68552
19577
10941
62864
69196
55521
16820
43480
8080
37268
22280
27461
21808
51424
35969
20940
28696
66800
55616
22093
15708
57332
4312
42848
59737
61837
5520
56804
48809
36612
53788
33041
2320
10204
3730
68392
3680
67092
56388
24792
10549
22100
28980
43688
7040
61380
61024
6372
61340
27737
16308
8644
51960
20412
39860
16312
36184
28860
63073
46524
32844
65662
64728
55152
30849
47676
60069
18280
54760
7952
52396
6960
19012
15432
13004
46568
42849
10696
1900
48133
57080
10688
46761
2441
45176
65504
8805
64768
18108
19268
22340
10332
66217
11088
7225
53796
27117
30888
6932
2277
26368
64630
59300
16320
63025
1324
18408
60216
12484
43373
49073
20640
50412
30056
66820
51469
47716
24136
45388
31693
10148
47381
19548
11556
34717
33852
65956
14824
35328
31296
48316
41612
6360
11164
28268
23617
59828
42576
28544
43144
19868
54788
36304
460
10733
13408
12740
19844
7484
63792
10301
14088
724
57609
9316
55661
37368
13748
63424
2220
56660
3513
17460
12576
9941
36560
36672
56228
18360
31464
22968
66189
67140
32516
37096
8365
8829
41256
29632
10652
54000
30788
49588
40080
43812
47916
11616
34297
46540
35970
2824
44516
21108
55284
23248
6256
59564
59048
19256
33042
12500
67474
54637
44753
32744
36024
64860
11540
36096
38729
62148
50220
61644
30768
43896
19152
50400
4528
6241
46748
3933
39632
3124
66934
30576
47592
30668
68528
13005
10540
46364
6348
58288
65896
13917
61080
24464
12748
25986
305
7749
10152
29701
15401
27460
61845
30772
15584
63065
9524
34420
44696
62677
55716
51741
48737
59961
69172
46365
47185
13896
26184
4144
26980
17188
6373
14316
12084
1744
1196
3664
48225
49460
62768
39429
67832
37784
13858
65609
42084
23104
61772
28969
43784
40172
57608
28764
64004
47372
13857
68124
4621
1264
31102
31264
32332
8892
13772
63068
69292
45057
46649
23621
26064
29633
19860
28052
66932
62012
1852
67588
18908
25280
68405
39664
35760
49364
48224
9712
40888
11264
53924
29880
48396
8424
33808
64541
27380
50660
27416
60737
24525
49244
26208
62317
40768
13944
45346
63841
33528
26764
37232
32752
12948
39464
25504
23920
51336
3300
43397
9216
25985
36628
33692
57610
26709
20344
65720
2461
33180
18568
54296
44520
61349
42616
25464
39068
4713
47301
48409
8432
41573
55768
4620
66116
44920
52149
3729
39919
60700
11236
34936
3689
42952
41572
9780
39917
64208
26305
50340
1192
1036
5916
38233
51280
67225
39000
55608
26189
25760
23616
22420
60756
24052
37308
38336
3436
60157
14488
35912
44256
39918
3313
10297
54720
23944
3940
22892
48968
40464
20224
53296
65665
80
35568
53504
29544
1884
59520
48736
62172
54748
16449
21953
37876
69244
26190
18148
45436
31628
39704
17980
52084
59008
18084
46425
50789
54188
1232
55072
69436
1812
2100
19601
40672
38232
1044
69008
2172
38096
68480
340
37884
2116
1384
68364
40680
1456
38228
19600
1709
19900
38784
19480
38380
372
644
40320
37712
1708
68908
40316
38464
37908
1860
1316
39944
38396
19744
39192
54684
69232
68368
1348
39956
38892
1600
38728
39112
39884
1632
68856
2096
2048
39880
39844
2200
38500
39072
1016
40224
468
54756
40836
1944
1828
39852
1340
38512
19696
37776
512
37696
400
568
39500
41084
69476
39916
976
19912
1176
1872
1220
412
40192
39900
19972
19516
2060
39896
19684
68756
428
19460
1968
37760
2212
1184
1916
996
40540
39476
37912
54964
69296
1088
69116
54856
68876
37812
38064
40652
19532
848
69700
1084
1252
55016
19576
38436
69372
1548
39684
39312
19772
748
744
19528
38864
40656
1496
68452
38624
40604
40968
37724
38192
68453
39368
69332
19984
804
69336
37844
2276
792
176
1848
38916
40636
1408
38048
19976
69128
164
19652
776
1412
38036
37816
1544
40088
38636
40556
69676
41064
40904
2292
700
40424
296
38312
55000
900
88
69808
19968
676
41044
304
38804
39984
39228
2016
664
39204
68404
40420
1464
38084
38449
38976
38600
38840
39568
1804
40128
40432
19468
39280
41065
876
69272
19820
55120
1072
39268
38444
55104
68420
1312
1248
1108
38448
19996
54936
40660
54908
39232
39452
708
19504
37720
1800
40000
37856
69040
52912
68228
49080
49076
27604
17988
17989
12036
27620
27621
49052
56172
27644
53460
11984
49024
49020
27684
60672
53464
27692
27736
27752
60588
11868
27588
12108
27352
12356
27404
12292
21952
27432
60472
27444
60476
49204
27468
27492
27496
49176
27500
12164
27508
12144
27516
60540
12116
49096
60392
48932
11840
11600
28068
21880
60940
53496
48656
48652
28124
28140
28144
60988
28164
60992
28200
11496
11456
61036
28240
48560
61056
11420
21888
60736
53488
28028
27808
11837
11836
48904
60760
27828
27836
60776
11808
11804
27876
48840
11756
60824
48808
18016
27952
48776
27956
18024
48728
28036
12388
27328
27320
13048
26608
17840
13032
49796
53380
13008
26668
26676
12984
12972
12964
26708
26716
59960
59968
59972
26748
59992
12896
59996
22016
49688
13060
13080
26356
26388
26404
26428
49960
13236
13196
13188
59752
59753
49924
56300
49916
49912
13128
56296
13100
26520
26532
26544
49832
26596
26792
26800
49661
53416
12636
27068
27112
12608
27116
21972
60224
49452
27164
12560
12556
21956
12540
49420
27192
49412
27208
49356
60344
27312
60164
60156
56240
60148
49660
26864
49633
49632
60052
49628
26868
60064
60068
26888
21868
26908
26924
12760
12756
26944
60116
60120
12732
12724
49556
12692
60096
28264
11404
11396
61988
53676
47604
10084
47580
47568
62052
10072
29428
10052
29448
10040
29452
47540
62080
47536
10032
29480
29484
29524
9988
29360
47492
53644
47680
29092
18160
61804
10356
29156
10316
61836
61844
10300
29200
10296
61860
53624
61872
29228
47744
29244
61904
10248
61924
10228
29308
18220
47480
18221
29764
29772
29784
21508
9772
9756
62368
47252
62392
9704
47204
9692
29840
29860
21464
47172
9644
18284
29864
9608
9604
47284
62316
29748
47300
9960
9956
18228
47460
9940
21580
21576
9904
47412
21560
10376
53704
47380
9868
29640
62252
55952
29656
29692
29700
47312
62284
9888
13296
10392
47860
11072
61288
28512
61292
11012
48321
11001
11000
48320
28528
10992
56088
10980
10972
48308
10940
61348
28552
10928
10908
10888
11084
28616
28484
28480
21864
61100
11364
18068
28308
28316
61132
11288
61156
11272
28372
48452
48448
11260
11244
11184
48408
61220
28424
61228
28448
11112
28617
61404
48252
53580
28936
61628
61648
61652
28968
61656
47960
47956
61684
53600
10536
10516
10512
61708
10480
29020
61740
47892
47888
29068
28916
28908
10664
28880
61412
28644
28660
28692
28708
61440
28709
10836
48176
28740
47848
53560
48124
48117
48116
10744
28804
10732
10712
61536
53576
56060
10756
9580
26320
26296
16100
17476
16096
23952
57684
57688
23968
51908
56612
51904
51900
15924
51892
57760
15892
56608
15872
17496
15864
24072
57836
16101
24104
16104
23913
57520
52104
23800
23804
52096
16288
56640
23832
52072
23852
23856
57584
22524
57596
57600
52012
23904
57620
23912
16200
52000
53008
52112
17508
51784
15545
15544
51560
51556
56552
15516
51548
15496
58104
24388
24396
58132
15424
15416
51492
24444
15400
51476
24452
22364
51468
51564
15788
15552
15576
51776
24140
15740
51744
51740
51724
51688
57944
24224
57960
24236
51632
51628
15644
15628
56572
58008
51592
58020
24336
51584
56560
23773
23772
16328
52636
56992
23124
23172
23208
16972
16948
52536
16932
23300
23316
52488
16892
52468
16864
52460
52444
52436
23416
23432
52405
17064
52404
52668
56932
17352
22656
52864
17320
22776
17284
22804
17272
56840
22852
52760
52744
22928
52732
22636
56900
56904
22976
17128
17124
56924
52936
57180
16780
17436
22556
23656
16468
16464
23668
16448
23712
16420
23720
52168
16396
57468
52148
23740
52988
16364
16360
23756
23760
52124
16336
57388
23644
52236
16548
52386
52385
52384
23476
16748
16732
23488
52364
16684
23540
15360
16660
23544
23556
52312
57284
57288
52308
17452
16612
16568
16564
16652
15352
15336
15304
59112
14069
14068
56396
14065
14064
50496
25776
14032
59168
13988
13964
25848
13948
13916
50408
25868
59244
17744
50384
13856
25736
25912
59084
25652
14324
50720
25444
50696
14272
50692
58984
25524
58996
25536
50644
25552
25560
25572
14200
14192
14176
25624
59056
50560
25632
14112
22156
59292
13812
22080
13504
13488
50157
50156
50152
13468
17796
26188
22052
56324
26216
13392
59600
26228
13364
13356
26244
59612
17804
13332
22084
26108
26084
13596
25924
13776
25936
25937
59324
59344
59348
25996
22132
17760
25408
13712
50260
26032
26033
56348
26040
26044
22096
13617
13616
50208
59400
26304
50748
58912
15120
58420
15068
15064
56496
24784
15032
58464
24800
17588
14964
58480
14952
14948
14916
24844
14884
14880
58536
24888
51108
17580
24952
58380
58360
24524
58232
58233
51432
51420
51416
15284
15280
24588
15248
24620
24621
58308
58312
24644
22352
15200
51312
58344
53136
15148
58376
14808
25004
14788
50876
58796
50856
14485
14484
58808
25272
25296
25336
53196
14468
50788
14416
25372
50784
58880
58884
25373
50772
25380
58908
50877
25244
14524
58740
58592
14784
58612
25044
25056
51044
51036
53172
51008
58664
56428
50996
25136
25140
25141
22276
14620
50948
25168
22260
58720
14572
14648
62492
62493
47144
34632
4948
43312
4932
43300
4892
66268
34672
34696
34697
34716
66308
34736
43256
34760
43232
34764
43224
4812
66360
20496
66236
34812
43328
4992
66124
19032
43440
43436
34484
20576
43424
5112
43408
43404
43396
20564
43388
66200
43364
20544
43352
66216
19048
5008
34600
34608
5160
34828
66372
66552
35136
35160
35172
42920
4520
66592
35176
42908
35192
66608
35220
66612
4488
35244
19140
66648
20420
35324
66688
19160
42960
34832
4568
66532
34856
4764
20468
4712
34904
4692
66448
34924
34944
20452
34992
43048
19120
43044
66484
35024
20432
4617
4616
43004
4588
35084
5164
66112
43468
65608
20692
65612
18912
65636
65640
65660
65664
43916
33868
33884
43880
5544
65700
5524
65728
43848
33936
43844
65756
65776
5648
33976
5668
65568
55504
33416
5988
5944
5932
65424
5924
20720
65436
44144
5884
65452
5856
33600
54264
44064
54265
5740
5716
65556
44032
43984
43820
43808
33992
34260
43612
65996
34280
34292
34296
34308
43556
34336
34356
5228
5224
66032
66036
34364
20592
34392
5204
43496
34404
34444
34224
43652
55420
5308
65800
5436
5432
65816
43780
5420
5408
5392
20632
34068
4412
43752
34088
5340
18980
34132
43704
34156
34157
43696
65924
20612
34080
42792
4384
4352
36776
3116
41748
41720
3032
3000
36876
2988
41668
2964
67784
41644
36920
36932
36948
67824
2844
19316
37016
37032
37052
67660
41504
3160
3176
55208
41924
3332
67540
3312
67560
3280
3272
3264
67580
41852
20208
67612
3224
41828
3216
3208
36712
36724
19304
3180
55192
37120
37124
37140
37445
41272
37468
2512
37492
2492
41244
41232
41220
68136
37532
2460
2440
68152
68160
41200
37576
2412
2396
68208
37636
37444
19372
2536
20100
37168
41476
67940
41428
37220
2680
67980
37292
2652
41356
20232
41352
2592
41328
37384
68052
37396
2572
20112
20108
37404
37408
37324
65372
41944
36428
66968
19212
35732
35744
20348
35780
4040
19216
67032
3992
67044
35876
3960
35896
3932
3928
35928
54488
3896
35936
54492
35708
19244
55280
35704
55304
42740
35428
4304
42716
35480
42664
55296
66856
19180
35580
66892
42604
4140
4129
4128
4120
4116
4112
35644
4108
66956
35944
67116
35968
36208
54536
36264
3520
67376
36312
42044
36332
42036
3512
42028
3484
67404
36352
3448
19280
36396
3416
41984
3376
36420
42140
54532
36188
42144
42276
20316
42248
3748
36124
3728
42220
67224
55248
67232
36448
3696
3684
19252
67256
42184
36160
67272
36164
19264
3640
3608
3688
33412
33392
20756
31044
18496
31060
8364
63492
63496
8344
63512
63520
8320
8316
63540
8304
46072
18512
31180
8244
53944
45988
63628
63632
8408
8212
55784
63412
18440
46340
8600
21260
30820
30848
46292
30860
46284
46256
8521
8520
18452
30936
63360
8472
30968
63396
30988
8448
46184
31008
63636
8196
63648
7916
7884
7848
63932
63956
31728
7800
31736
31740
7769
63984
7768
45568
7748
45540
31800
31824
31840
45520
31856
64032
55720
63872
63868
18576
55748
8176
45956
8144
45924
18544
31388
31396
8100
8092
18436
8088
55732
31460
18564
31516
7980
63824
31532
63836
7956
7944
45856
31872
63244
8704
46912
30196
62716
9244
55872
62736
62740
62752
30228
46840
9180
21384
9160
46800
62808
62809
9120
30340
55856
9088
62856
46920
46760
62692
62676
29896
47112
29928
9492
53784
9476
9432
47052
55893
62608
55892
62632
30064
9360
47000
30088
30096
30120
9304
30132
30148
30156
30376
30377
9084
8864
63040
63041
46548
63052
8828
63064
63072
30620
46508
46488
63120
21296
63124
63132
46456
63148
63168
63172
46424
46420
8880
30556
63024
63020
30384
46740
30396
30400
46724
9056
46704
9028
30428
30440
8656
30476
18388
46648
62960
30500
8968
62976
8921
8920
21316
63016
62948
41112
21104
31896
32708
44752
32732
18772
32764
32772
64876
32788
6592
6588
32828
32840
64936
64940
55576
32848
64944
64948
6512
44636
32852
6708
20888
32700
54136
32592
64684
6857
6856
32612
44872
6820
32636
6800
20936
32648
6788
6784
6780
55604
32672
32684
18732
6748
44800
64788
64804
54168
44612
32900
33152
44380
6240
33208
44360
54204
6216
65256
20800
44324
33264
18828
20776
44300
6168
44276
6100
33320
33352
33388
6060
65204
44404
44408
44409
6460
65004
44580
32948
65028
32960
20832
65044
44544
32992
6864
55552
44480
65116
33052
33053
65136
44460
65148
33088
6288
6276
33040
31892
44896
64660
45288
45284
7432
32120
7392
32156
32164
32180
7352
64304
54028
21088
64332
7292
55660
45164
7280
64352
45148
64372
64373
64212
45136
32064
64192
7652
64092
45440
64096
45424
64112
64116
64120
7620
7612
64136
7592
7580
7572
32020
45352
7560
7556
45345
45344
45332
7488
7253
7252
7244
64540
44992
32448
21020
64564
6948
44964
6944
64580
44952
6921
6920
6913
6912
6904
6896
64612
64620
32552
64636
64652
21028
64524
45020
64516
7240
7224
21072
21068
7204
45120
45116
32304
7164
7156
32568
32344
45056
32400
45048
7076
21036
32404
45036
54068
55636
32424
7112
19704
