64806
65519
40290
41126
29113
64420
24544
25232
20
1244
63480
6949
28813
61952
60184
6680
41624
60220
67628
34601
57528
32080
2108
67426
13990
35609
67826
44248
18957
8353
22018
48474
61057
40117
34232
6498
20920
68000
6596
65689
1057
38951
43684
12548
37725
12979
6923
67158
10719
10495
49113
19937
32107
52135
39733
7900
35376
54085
63450
59509
1633
8436
23744
21764
39819
41046
52334
42709
10711
25778
16822
42570
49466
53227
2438
20187
61078
30309
58468
13272
18271
3548
63825
55335
34630
61998
6048
27574
50364
54793
44684
47894
64693
2585
36650
39650
34073
31228
58304
10654
49654
31792
60292
62319
63810
69705
68989
34137
14763
4217
42344
15717
4622
36870
12953
8085
67084
38342
6424
31597
40533
16722
10723
47561
29268
2068
35114
36412
27274
63518
47805
36403
16750
4215
17574
18204
41184
41185
1750
2552
27585
13120
63793
4514
52498
51801
27205
8562
32576
48781
14040
5923
17127
39117
44481
3570
28422
37859
60997
46770
34804
63811
40388
34638
13072
28792
2380
13492
17520
49479
2305
62281
34894
36355
40216
21655
39710
11161
65100
48109
50895
16922
11163
4880
55578
28481
17422
28273
18209
6649
40879
18649
5514
28152
28845
5504
19680
29925
11681
51944
21531
63211
1330
53232
44570
14720
40253
14290
43161
33263
15749
37112
64581
1497
26176
34572
37976
4320
43516
64525
66788
29411
8498
69119
27071
8499
17921
15796
6462
45437
44674
56927
19248
39829
60153
5570
50800
67329
43382
50291
26744
32509
62333
38341
42357
54716
20152
69501
68673
27930
23464
27495
50613
4305
9770
35366
63613
65663
27767
67586
31556
37759
55953
31939
3425
49892
25077
62291
62312
19136
8497
36741
28482
42879
38433
53711
55644
15117
59685
49069
19894
1641
14365
39465
24658
303
49050
6428
34293
54224
2476
8272
46285
66081
21115
54054
42527
68016
29586
25065
25610
2832
54052
51380
39556
16858
54267
31579
14432
37024
10844
60784
1186
64233
67156
63233
26330
58415
26811
13371
1829
46324
3064
30184
63457
21892
15568
57959
15585
26757
51736
64308
53710
32958
52372
39066
66513
69308
23468
32296
6502
28621
42597
69608
1217
63126
54462
64028
22991
8124
17814
34772
66377
67157
20206
15899
62290
46734
37778
39175
19929
50481
25636
54489
17333
23430
3269
8776
60645
64361
47164
26406
19584
15341
17403
44918
62070
17677
14575
24317
17267
67216
3789
34196
511
20743
27933
30599
50391
15313
39817
2637
23494
44281
47093
39683
15852
45158
53412
13006
711
68577
30157
6686
53226
63005
58896
46214
37745
65542
23184
5509
18152
55311
7873
19161
33637
23914
45140
32341
60053
19981
48363
68073
15724
31292
17721
10784
10550
871
23892
46058
2525
3820
15160
36945
64726
14072
19424
4075
41542
67680
42449
5830
50636
24840
23878
26686
39514
65666
46749
11583
26152
38128
36642
31428
39116
881
5172
62772
13121
13456
33981
22744
8981
25082
32791
49573
11363
46601
37603
15630
55157
8160
61564
66085
30891
55500
5886
61185
50271
22365
50390
8716
15449
33420
51494
11750
23181
63268
2294
19250
2241
30689
53997
3389
13325
62270
9659
5405
37601
39372
60777
33054
25261
36138
59451
26068
69000
4508
52976
49239
17658
36438
31301
15212
62193
35320
12661
23829
69704
63023
8147
61621
40428
47662
45032
21905
32759
9451
26078
69701
34527
41389
1313
8601
39937
45294
59260
15460
8516
25053
12909
52298
14093
16852
1187
67548
19648
26982
42116
64079
7617
48309
52689
9882
3231
50065
6365
56577
40734
36636
2076
44897
39564
33149
2097
22640
41120
25248
8105
64829
6833
64106
44673
53630
19736
51992
47516
23591
63941
44832
1488
40719
19471
6891
56885
61862
52284
23619
26605
23768
58799
44066
67964
20349
49786
46084
5934
45269
38469
38866
51729
31848
51180
43868
33436
1908
8703
24931
37788
48708
37182
28946
4513
27355
47197
63501
7522
24593
42575
33361
65980
37752
3628
646
53392
33833
9108
46604
3076
3193
15538
62332
57425
5568
6492
15380
29364
36808
46889
41188
37428
14548
42756
58352
5064
33740
25204
67812
44744
5116
3368
13288
13692
40624
18420
5152
39468
7460
39084
50964
18421
68672
55584
14028
16728
5356
60644
3980
58096
5536
29852
51600
25000
63232
5744
65518
45806
28781
36354
839
46114
2148
10001
10757
41700
60295
38356
44928
23684
49049
12265
12951
36577
66529
56184
58112
1021
45677
58724
45124
4280
21100
65701
13822
33535
7100
56786
35869
67384
67260
55206
5452
32504
49102
18480
3369
56117
9816
12574
3229
31576
24721
15261
64488
51817
49025
23953
68240
27119
18546
17865
2265
10869
56261
41756
23618
36649
21154
62336
46980
38357
51660
55486
2949
39209
20185
48844
51786
33396
47790
32977
56321
33830
64297
63777
29232
29894
62901
40440
9997
34138
4211
4088
59074
66038
25764
41450
39909
53977
25020
35115
41882
13013
17920
58516
26977
17416
66706
37891
8717
8706
45846
41080
24176
47084
29230
39318
7028
58832
25884
7682
65914
3250
53674
25401
29468
64828
14594
26028
45624
63686
44863
10053
57289
14628
7439
61368
53572
8501
31542
32565
35504
30210
53040
36576
7681
6826
39892
30941
24122
67856
57842
27418
13502
11196
24121
67425
13474
5312
42358
19470
49784
35420
12789
3289
12161
55180
60154
46136
23851
51869
66590
29060
63577
38218
58450
56719
11295
29703
16764
41296
58550
50356
35287
52373
1864
52150
26077
48468
26505
44807
3318
13476
4760
48358
54717
36439
36910
42359
67948
66252
33476
6041
67408
34861
61524
2085
293
53593
59373
24632
69323
15682
56636
45220
17421
21051
34001
24821
26765
22731
5941
64729
48120
56868
9169
23228
37540
49336
39378
59041
60501
23947
1841
36422
40844
7449
52333
11441
17359
47698
4821
4463
21646
65634
25151
12090
22849
68988
41102
4885
16186
18075
19784
53372
30644
39100
37996
58708
23688
67332
25832
19401
23078
41750
5922
58676
58056
11277
36232
23877
5277
6586
10912
26338
50270
12165
62756
11673
49457
20207
33880
31557
63449
1017
6751
12257
3257
66296
68700
20824
15268
49103
42450
2040
2537
64760
66053
21017
32049
66910
27929
6117
5018
2672
35392
6137
46876
37600
48852
30540
9469
19478
34869
11910
69459
42878
39804
47704
61967
22769
356
59808
2636
20968
964
47153
11749
14544
66974
26802
28440
6324
59172
68516
26052
56986
52768
51197
48520
35929
22301
61778
34839
29172
56940
13132
50700
50348
48260
32200
61863
1826
10953
3068
29659
41430
31871
12604
65369
29808
61609
32140
58293
6136
2485
24381
5625
37746
37517
38009
28697
64515
55065
4418
38654
22641
48386
24229
47692
65584
11442
196
62737
48512
3514
41713
43500
30188
31635
64119
39471
24439
26245
34469
55558
69366
4832
17232
41500
11006
35548
31319
16761
50497
12992
20808
5945
16355
2399
47154
7849
13219
19117
3334
26128
13014
49101
38417
5885
11174
24797
13866
46600
13588
25468
1949
24308
24595
67016
34884
8253
19707
48642
40039
28772
17680
37088
17688
57228
58968
11304
15144
20220
51884
65318
19021
31063
32193
60348
53384
31600
5252
38949
62841
38057
32445
34573
33982
30634
5189
56553
25016
10691
55637
21228
55336
32790
28520
31325
13406
3241
29376
40653
68693
36969
42592
46572
29392
63539
827
47242
69674
34579
46905
40675
11992
38948
13330
52296
58100
16908
40978
1341
48557
49848
10932
18000
25633
28939
49085
33084
20825
49324
46213
65543
64692
6611
30887
28034
38501
48489
16648
47752
28216
793
15865
65220
30372
33804
14084
22637
65898
5829
9189
39472
30688
34916
20607
30886
32072
1749
22909
17126
24314
5456
33704
64659
51978
9586
15897
8993
62272
66817
45636
47560
23653
55836
63500
51500
55577
67350
61184
69324
31660
128
28814
17316
8634
20759
18305
812
66428
30353
43740
14177
69129
53112
51501
23287
30943
24467
49740
68112
53161
49252
50873
56906
67833
39121
3844
450
59829
69636
38217
8641
12193
67595
27908
36105
48445
19876
63980
8172
34895
66861
40328
55057
29629
44931
25737
54991
13457
6931
33961
28893
61366
12508
7541
34656
60404
54236
38150
41100
23627
35796
16388
43769
63423
69675
66080
41470
34645
44344
35232
61236
33336
27060
6040
31624
43776
35608
31311
64657
24921
6606
28051
45560
62588
4649
2221
42520
28456
49753
45869
14402
31436
26053
22803
12041
60062
15537
33721
38412
13630
43308
23421
34288
66690
42362
15529
36544
38069
31634
66286
26878
22864
50612
4684
64583
17366
64505
12950
65912
64848
3714
33262
40654
47108
1442
35552
62532
17125
14009
63053
24250
8425
21716
45276
46124
37296
46816
5596
45928
13292
4801
33669
59940
4552
20288
4584
26529
39301
15844
19461
32188
59686
25390
64582
65175
46157
2295
68532
47068
69237
66588
51912
31258
33106
27220
38146
44415
51451
24212
25779
52389
13989
32760
26976
10604
16645
9536
13688
69081
61999
5728
36154
44132
36760
28648
52857
28380
7672
23997
6610
7940
60704
19861
26496
6052
13814
68388
63012
30441
60717
37890
67336
55880
9521
29862
1415
16741
12802
25424
54112
10948
39782
67316
65098
48892
1688
48460
27204
62580
28408
10060
24752
61601
6975
2143
16876
44736
36674
47310
32689
48940
35377
68872
59229
16976
21400
16317
31177
56997
39885
16185
5352
43002
55896
19980
58744
59281
12064
22505
53434
66796
27820
44401
24188
15305
46133
43809
65074
2176
23534
12646
63234
31421
52966
63538
58798
52490
27772
14760
42104
510
58198
35365
36651
32076
30844
19022
51268
17376
24400
54252
30824
28840
35792
29012
25712
10492
35860
10140
67564
67180
39364
18577
3072
1988
12940
9176
8712
2340
9048
22868
20352
8392
32686
10085
27004
30881
17420
58788
1910
62136
63736
2150
2513
61883
13410
62902
49117
34053
46222
6609
37533
48864
28888
38070
47984
10313
64908
56561
46057
26448
67333
67888
42361
61414
19000
33552
37657
57433
24153
997
12761
44478
28970
6139
12721
39296
3994
2772
42993
35470
8454
60716
27942
12091
61798
37782
65528
56148
53437
48177
9800
42145
43655
4432
3795
68474
30161
60005
38418
55472
12208
31988
56562
18804
53417
48064
31050
32008
58341
44022
4233
60114
40084
47569
9901
65261
63896
57022
32011
54948
32436
33656
37948
15709
47470
32136
52629
31870
37765
45236
33829
37610
64356
38573
46489
50388
5660
65839
46828
44675
2664
55737
68616
12089
3001
9182
25273
26390
69367
33689
61615
39830
67476
52798
43103
56587
48917
25304
47016
42279
15145
37180
58414
44780
32121
18808
63476
45085
65537
48543
2888
54280
54494
35181
34289
21844
48670
53568
28492
33440
54685
62369
1608
38740
66553
60642
53374
39197
47789
41268
50672
53828
36500
21524
49940
14364
60568
27564
49536
14264
68284
10484
18112
34120
22905
52248
43380
16680
30108
8340
59572
2392
56156
66596
67516
19897
68636
28854
31484
20246
24737
54680
48472
29590
27419
67464
51596
48525
5276
63362
9877
29362
33148
7457
3319
11421
18361
22768
30624
46771
9422
43045
27409
8997
67930
15448
64105
12611
9858
10555
51863
49653
30752
3367
55774
31448
2926
22800
10665
66017
29193
15805
21149
13407
46480
1414
30325
54576
9818
67504
56955
20588
63664
17364
12912
31076
34625
43965
7792
46223
43986
46656
13063
19762
54128
16849
29997
68993
66816
58979
43956
45761
21811
30198
30700
48402
44802
12087
63452
34048
8542
7238
62437
50360
60072
44526
67593
20066
44440
47180
26689
56320
5513
165
35430
2728
69100
31034
25148
53349
25840
40356
3472
65943
3230
66151
46064
64514
48434
65731
43786
62889
18333
35173
47311
31702
34718
35161
58328
1189
23204
44804
62397
18316
55466
8367
64469
14136
44273
7438
4158
43309
59617
10686
31545
33236
14158
21890
67585
44352
29121
40463
22017
55522
8076
19218
18578
6291
43089
31324
52259
23946
48148
23916
67982
39665
69113
45281
28469
44596
32088
32864
31241
42096
35460
34576
48164
25121
16337
34045
26411
47488
7540
67173
14248
6897
22504
58549
25574
61632
33572
33172
60806
38419
64993
17565
68104
34110
38467
38145
31005
41273
21484
56372
51412
60225
6860
15664
36620
22644
37293
28874
6300
27810
49906
32970
18048
60849
14557
65316
64333
37514
24371
51916
25921
43785
3262
24083
52297
34838
3986
55568
51894
33677
33894
24315
38860
17892
51700
26548
47895
63696
1141
34380
31061
33212
7266
41252
9771
26146
26766
23818
26687
38780
39682
25274
49559
64485
25663
23558
248
37534
17529
25777
29158
37642
20161
14592
3856
66285
23493
31938
64341
20177
43152
18796
27623
35092
62792
16617
10905
36584
19891
66312
56925
12558
34860
30065
58424
65746
16749
57297
56841
60826
17820
35734
38310
35672
65445
55414
35336
34972
38525
10009
29195
14844
40896
7718
41464
27275
37845
53965
1808
37515
42236
66364
55686
64766
63640
37809
48264
55155
27351
67008
62436
54008
11422
5731
4623
20713
7237
61033
22288
8449
41726
40569
37748
34888
54409
63488
21876
66853
3277
25922
30277
35041
35429
37174
67257
52865
45038
60162
40120
1325
46490
24465
69365
7425
20829
67950
24882
66716
14595
55956
43062
66524
39073
68542
36768
50908
1748
38528
26521
32356
69038
45039
68196
26066
48032
47806
55687
52733
19765
13264
12572
46504
38268
22540
13452
29265
43061
26036
4089
10008
65415
22957
16202
55475
6616
27118
15986
61744
60033
30085
50357
9857
10554
61364
36292
21809
38574
40683
52454
31543
57039
26732
55485
56440
65598
12313
1958
8800
36153
42805
41424
32984
57440
55580
13329
40840
51800
32756
12980
66404
20060
67960
69480
28700
31016
236
5920
16712
8177
62260
12908
47972
30632
35544
37632
50500
16203
28884
28938
51569
19495
23819
31400
1424
37353
30744
63979
63612
29893
62449
37931
36261
49580
12042
8830
55213
5645
55932
31596
47094
57928
8732
47661
5140
31948
13136
67177
41468
5019
30444
67932
69821
27193
65721
9238
18784
8833
36480
12996
42380
44917
712
15114
49245
63235
26409
31620
7003
25734
4765
58010
35175
23292
39340
30971
32697
41753
29201
29677
42265
40841
50289
53552
34836
25369
31422
42093
64334
44803
49800
19756
48841
62570
40422
1590
60189
20120
26892
33578
67096
46584
31118
49400
27069
33261
1809
36911
4823
12521
27957
3737
23673
45522
55550
1959
32704
69065
69289
14765
1441
64
65
55324
69036
4820
66613
57958
34046
65836
837
56185
30238
67178
47088
2278
66576
13101
29800
52213
37929
1664
48138
63576
6497
64807
27070
66704
16127
62305
22372
4646
23905
21317
40989
23557
39924
23193
69293
22954
15985
47660
18625
34225
31764
8999
35571
29157
69247
34627
15146
22366
1190
60112
58797
2372
8701
5724
38087
63161
69204
57208
15076
54678
56935
27228
33896
28421
33956
22588
17553
16522
5632
26889
4886
35016
37022
15136
46134
43311
55340
36468
38461
21258
56954
64484
68764
60204
53192
7428
18017
45237
7160
27809
54762
59228
66972
23153
39985
11601
41722
56984
8588
58296
9819
5769
22860
16550
67108
48425
26348
17977
39196
61840
48125
18989
2668
48065
27122
33395
45620
8232
12801
51650
58212
4172
1018
56364
67190
15888
51077
5445
19129
49168
14138
46372
19072
51868
8936
8944
57196
19964
2648
35156
37604
29816
23085
12076
64128
66408
9364
40937
55976
15236
13393
51472
2890
29872
64034
15440
33624
58568
61429
4462
10054
49167
32316
62842
18296
3316
41192
37933
33323
56098
4372
59440
68757
64228
46392
48653
14825
41536
24477
11305
57053
20812
29545
28885
23970
107
63724
25526
30066
2293
68473
42666
26391
66536
22248
41725
61956
2240
56216
6572
20758
69481
38653
39380
50966
9897
61409
15988
18132
32010
11640
15168
21925
59442
12545
21152
6440
62793
15164
59687
46493
50816
28483
27185
27489
3293
4461
36940
45720
40977
44788
66978
8215
50080
64805
13764
21432
54643
63537
40769
6679
50984
64604
11832
710
64825
36032
65829
27845
24369
50124
53661
43966
33399
56662
21645
45127
54600
16740
47807
59341
37717
2189
52287
15384
66388
8204
38473
10936
64668
38749
3294
5332
2006
24659
10214
47600
49729
55154
18018
26700
9584
59392
60840
53211
61838
48240
48542
53240
10326
2149
30940
11041
20529
7781
13416
20536
2401
48569
21112
4257
13156
25771
39788
40898
5508
44488
17669
43528
12976
56260
31884
15861
57108
57129
3353
18210
27738
10005
19329
59692
51477
39656
12712
22165
5426
24757
42758
38308
211
8945
2086
449
37021
50668
43996
50409
21496
50012
61009
21760
27088
8744
8194
47069
15249
51746
21365
27573
3569
45101
28555
45916
5597
48137
43654
6880
58532
48671
57312
23874
57772
61793
28049
36743
60288
12910
35882
2365
54670
53225
52026
57205
39693
48061
65913
59444
4700
39649
20736
15312
68802
4648
46117
60241
50801
1912
61794
41553
38196
59932
31142
31310
10209
40609
3192
23088
37092
14804
35865
17942
68918
30197
58345
64744
11736
48969
34029
68100
6548
16523
26598
869
66284
35433
10010
67981
64896
58353
23480
64243
57128
58904
16558
6580
1572
33948
39652
56926
597
49051
39061
56616
52496
50264
28069
30397
61044
61882
42568
13324
44133
42629
12890
51795
65414
51227
18211
40988
5460
22848
45484
42824
28188
40256
9184
36146
13209
51224
6980
41759
44638
59476
61608
19636
5021
55392
10213
18072
49925
59388
21424
20579
58197
38960
4583
34552
29613
59104
26760
42400
14836
33682
64764
31638
34626
53060
56980
31869
53403
10327
2769
14704
68276
22628
2872
588
51116
48612
36792
11584
1112
49428
17589
26440
58196
26240
68120
20328
18416
22632
45805
43090
39932
60113
63662
8756
15163
40445
33408
33911
6689
47864
13400
40549
41628
57841
44353
7901
31894
1019
44128
17990
64688
31242
31135
25980
42759
21113
916
60181
35569
11825
32957
7666
46417
53678
2773
45745
31119
69144
35174
13999
8729
19750
13061
59864
44156
28892
4734
31965
58936
64317
41484
9328
57296
54732
4869
37496
52417
66583
68821
45121
59396
11233
26966
58769
31316
47684
16373
39470
41716
42409
6608
54441
56528
44688
25064
57016
50321
38936
19109
39420
8028
68720
21289
15868
34248
21568
21288
43360
53444
29292
7684
49074
68341
69246
36166
12473
38945
49352
15472
42806
35857
15804
8971
26508
39177
59921
52442
29289
7520
50993
51813
16341
42356
66689
9752
40516
21640
29924
65128
14944
66416
58372
60332
36084
16596
10168
52580
59920
42564
3408
29804
57060
40948
59468
19328
10560
65808
18136
32832
30308
26180
52016
45728
46764
26181
62304
69732
54152
25048
63372
8536
23420
16264
11812
51772
55064
17572
46250
24864
15657
21959
28050
16105
57372
36548
37136
69104
47518
12704
32004
4689
677
40217
35712
48976
52344
3713
59062
33475
25205
62028
38221
39557
14536
33044
1448
1336
48085
19336
20817
29159
10848
34509
34511
47432
14574
46976
21889
18449
13368
12700
3049
30970
17328
9112
65540
1736
38888
21505
10034
3258
7989
18513
18962
64244
56397
55894
15976
67109
14244
30508
2145
50269
23051
30786
1288
32364
62096
44764
23774
47032
55817
34158
37332
3790
68524
47986
66060
6976
13496
66633
33676
56641
1830
57257
66525
1710
48473
35483
53477
40845
57916
49917
37637
51568
27780
50994
35692
2272
33496
62297
17884
36176
53677
1149
11284
51076
17221
19706
49240
1444
38185
43728
64471
61876
6888
4614
53964
17464
30944
42278
38572
48488
53581
64050
9200
61337
43732
7448
33020
38032
47002
30412
36800
41193
6669
45492
55736
49121
13432
5229
33977
13384
188
16316
9972
30945
40899
27100
26780
65517
5505
23050
54993
52257
21073
41521
54665
63386
28217
32003
48568
29194
11672
61032
29752
24700
64342
41714
57037
12006
35866
14380
60076
38104
53760
36136
65704
11005
24546
5780
27589
33480
39513
16314
13017
9658
24804
13388
6496
17220
28572
45184
10136
25828
38724
19020
30796
13524
25768
60468
41194
23185
35482
26879
13586
2625
17664
55671
39173
65364
30484
6889
37641
58363
61048
53076
50328
37729
27325
2324
28919
21656
56292
9484
26389
33394
50781
17660
41520
1909
16216
6929
28720
38524
52452
36152
43381
47130
30708
40605
58340
49465
31420
9985
23386
19569
62128
59180
19419
17640
22345
42159
24382
29453
43063
55448
9005
61614
56097
32001
44061
42191
21153
15300
55549
23252
53476
38676
25238
58741
47997
53945
20860
27470
41541
30722
26578
26246
16940
57038
46316
30330
29863
34037
38098
58176
66591
27764
67006
45149
26677
54988
28944
2256
51818
59508
6817
58921
18074
42728
25769
3536
24728
24252
47288
59941
17349
66288
40832
36191
10432
22153
57500
8460
44500
37512
50862
53020
51226
28782
57856
49116
42842
17573
12466
54821
53673
43160
37660
40
53433
69012
7937
63828
2733
7239
47601
17066
46788
53044
44889
59922
49149
62849
51485
34076
61221
33397
65224
26364
24142
55556
27622
29850
45913
52193
29169
59125
65520
37718
55160
56717
68808
33322
59012
32812
45412
12575
47205
36752
32510
47137
17946
65747
13399
66725
44004
33360
4117
56638
3733
24508
9836
25377
12060
47003
48180
65016
44948
41540
2925
12512
22356
68144
66760
57461
57349
6501
2402
2413
26988
4130
7437
33100
57611
26801
21704
47472
31945
8524
44410
65824
11389
38056
35226
47095
17161
41195
34464
66764
59858
13815
66018
16080
10538
66342
8094
161
68477
42444
1992
63288
25765
44228
57076
38821
29041
33474
23186
41312
32961
55493
30087
38311
41217
21074
43000
61879
10504
24841
39317
53140
28749
47368
8034
57486
10336
14942
47227
30185
23652
5580
14149
12584
42877
67477
7373
66717
64300
4417
46376
42177
51996
57340
64770
8645
41721
17848
25938
65838
46116
20976
10672
56141
62560
18776
2381
67396
29489
42085
63548
37640
65580
55612
55548
42158
21538
24696
10677
9522
66741
67689
11080
45397
27244
48357
38193
43876
25556
29861
61452
30244
11093
35001
22763
613
5173
21793
40612
61777
28415
19333
34526
47565
19928
28672
63376
40412
34980
52100
7764
14420
59096
25144
24796
67792
56368
25320
8112
55740
64504
3260
63720
19508
27408
10460
28056
16920
37352
61784
28084
36384
34796
57496
48456
46716
23108
2661
23084
67360
11392
60956
22908
42844
66660
18740
13096
28596
53452
34052
44916
42372
12440
66320
56856
12040
46368
46328
57416
49300
66976
4784
39128
6284
34216
66624
30084
10128
25476
26580
48400
43620
46672
5528
50196
28556
67544
54449
19749
47828
38526
10689
9585
27121
8702
63856
25026
24889
5488
11852
7957
2414
11872
50894
63368
18629
60481
24312
39008
39001
22851
38807
11801
27200
15121
20672
55895
15381
42752
39854
19638
33732
760
12028
29652
36190
10752
17590
69596
30667
65173
22357
42886
48324
31670
62850
20205
19418
8541
13398
11225
59589
47989
57373
13587
24152
48433
54113
33748
36424
21878
23154
67924
17056
24313
64256
11307
50257
42266
19393
62085
37981
9253
11390
7456
39558
55408
31769
7665
25925
10673
29555
24368
55900
44346
5068
48348
43472
55837
14386
15497
47448
30921
49797
23148
15813
7616
12973
40803
33756
44592
35484
17657
31152
35124
9656
6908
7933
54989
4767
62596
19308
84
36641
28693
64049
25228
29264
16724
59614
67769
48669
21664
31048
8020
56744
34440
32888
53373
36504
47136
42240
43400
4766
10004
4718
25312
12078
57429
7872
58636
22781
3380
56369
19612
46928
64969
57748
18724
38348
65096
38472
26410
16365
61672
46733
46085
45248
31520
27812
22040
2140
42884
63888
52812
19469
49957
24405
12592
57280
24476
7356
2173
60285
51933
56985
65073
39316
43869
23429
19245
63649
19476
45523
39818
22457
61912
20422
21148
31366
42887
44852
30398
55245
53805
17080
20020
21428
37060
61776
22704
55205
61712
7161
6605
24143
41196
23626
16994
45808
49948
54452
65972
32740
39396
13949
56076
47129
29873
11648
9809
6306
60268
53009
21016
26429
57012
37888
6688
55800
10876
10261
61645
66449
25352
57980
47996
14401
5296
40488
52628
67005
11585
4188
28232
47630
4612
50288
26756
60641
27616
50161
21866
14066
10561
26588
50568
13224
22277
53501
51889
5581
30748
42190
44806
25557
17168
45640
61873
56224
20893
41076
47824
50737
29520
10312
39908
51493
27469
44296
22621
17997
61881
51462
45004
22095
18285
3605
18990
26182
24798
48937
10236
1020
836
65193
44968
22850
11820
64661
47101
9284
26965
66526
45125
12077
64486
39488
33831
61373
65113
23565
23542
14827
27272
65072
14696
57052
29261
36145
31365
31140
9728
44398
61410
63130
47369
22936
38516
11162
46137
5644
47196
64631
3314
32637
12800
55191
30436
47484
37429
746
4252
26989
15409
15024
21879
29636
57351
13436
32853
36648
19890
32685
47433
6772
67768
12613
19306
129
35664
20380
5956
8881
68414
36141
60155
52832
3732
25742
11306
40030
38884
65621
49332
6180
22762
18288
1518
6252
13218
21705
58177
9862
16342
1197
36320
24684
39732
8844
31719
33909
1560
47001
4613
35325
2662
65760
21588
65174
66376
5936
33636
42045
13397
39845
61084
17530
8777
41736
22376
62867
1545
56718
61596
62306
39772
48413
62929
3317
15549
36572
47287
62451
53400
59688
10690
17162
17693
9909
33008
54668
3949
58248
32830
32401
3432
45177
30721
13331
57904
3604
24000
8736
66392
27792
53100
36600
54792
35468
15710
20000
36872
53544
65396
13062
60293
54345
35964
39775
53209
12772
47226
63829
26204
6867
40169
24228
42753
17728
32696
37697
25243
50813
69176
24216
50812
3080
32192
23969
33860
58765
8560
29600
30836
7124
41172
49124
54540
56785
5729
59116
62678
65251
50736
25381
33893
63085
54776
27768
28413
44993
10718
59971
7648
58444
60841
46172
66909
9811
24370
15653
24393
58721
27660
46013
63076
1665
34012
48376
63320
21537
65249
16720
63572
5104
3412
31534
51332
21994
39724
68580
62029
4157
52537
15862
42741
8602
15640
22355
38071
57613
63188
10481
40360
66752
54945
29805
35965
65197
29053
56832
68840
14400
6909
28048
25142
63988
64924
57428
11800
19044
48532
36120
51656
22272
47186
50924
33321
32945
61878
31049
27494
28841
54288
22224
64436
59620
51300
38374
30272
17560
32294
24032
49308
20160
56389
58191
984
48693
33892
22620
19613
20605
45398
27984
34646
8009
25256
54388
33800
58324
1735
28204
23566
5828
20604
55060
32293
14048
37775
39174
6325
49057
63541
18963
19828
52524
55056
52134
21110
34637
1188
52140
42207
19706
6617
59282
11557
42006
27410
67852
55669
66582
26464
7896
41289
16
36780
45172
26761
10973
9861
20233
35368
62384
50262
36144
36824
64800
65758
41575
57374
52285
21156
64513
47469
3622
45126
15385
60084
33964
2124
16924
12352
51172
57689
31709
22953
28452
15056
14941
46972
29585
41125
43091
58836
30665
43310
55593
3340
54990
1956
47444
55553
1256
38220
28045
40776
66761
25902
51572
66628
22432
52588
9000
22360
30284
4131
3200
26990
49048
19305
29759
35872
52288
50263
52028
55670
65516
300
42189
59456
55773
50863
66709
55557
53356
12644
61848
8005
67556
15025
30984
50893
1221
58190
3791
15122
12637
47631
11391
26472
35570
46049
5736
61350
15084
55212
56600
6524
42020
13500
9188
65952
17656
30501
22036
20260
66528
55416
40548
1396
60004
63208
62820
26512
4912
40352
23833
7036
44252
24660
10092
60936
13960
43420
24932
48608
48604
14144
61896
10444
42717
4288
33836
22212
32000
54465
39172
17392
64117
37700
7760
44224
54392
2920
38085
69784
52968
24392
3792
60444
62404
35228
58164
13888
48960
66580
69032
36988
41353
69200
24466
46352
55332
53633
21257
65729
63426
28976
41757
7677
30160
39774
32770
8982
30503
24790
6081
21188
65130
59252
56024
46996
57176
65620
28416
33473
15800
26617
43793
59126
26983
57601
51220
23817
15113
61153
16291
63093
56712
25292
30232
30597
36742
51824
49568
35360
56412
42885
9365
34442
12445
53672
25242
28318
46520
43601
9769
16440
20757
48432
19639
36601
36401
21397
26209
54464
4104
34472
28620
42072
39344
57872
35856
2144
21352
57152
66024
61584
1204
29240
8608
11664
6024
40272
2424
18688
55124
45408
32248
5084
7804
31708
45308
31664
39648
22000
53075
44929
33965
43705
35624
29765
30617
40016
29128
66708
21364
32996
57965
9060
50804
65457
13417
29612
3812
23489
11344
26473
3352
40012
4688
8459
8366
57204
30008
66218
67097
28664
58944
40802
31968
42476
17644
65757
8705
48410
6974
22941
61264
32566
63216
37773
42113
11960
23065
50109
66341
17397
5921
15080
24656
66634
17129
44528
65941
7740
19637
52289
36902
28776
42204
3053
13844
63324
31141
23514
65688
57172
58768
60957
48711
22094
26528
8213
62840
36041
4468
24842
27484
22228
48257
61441
39709
54944
4281
60092
64241
21600
22802
66697
34008
40976
26055
38086
2736
25105
35900
69677
30580
33189
31712
48796
46620
31716
52194
8093
38235
62416
46491
59448
4752
44345
45481
28125
28796
33304
53184
51225
60093
11192
63440
34312
68968
11004
59280
63173
5425
35116
50432
55244
57636
29773
53740
20606
15952
21877
52937
8789
15428
4080
3665
14385
11265
64318
20176
47940
26132
69728
22812
14496
50349
824
40688
56828
47829
64248
50837
48973
69161
23092
849
67104
38793
10108
34064
61428
3033
26054
59889
62185
7374
14381
5297
63162
4581
33664
62561
31062
58764
15528
37892
53272
37513
59245
868
39680
15005
33972
8360
42388
19309
13884
59568
67273
28972
18245
14292
6930
7317
46040
6984
31317
29832
52286
27788
53073
22856
20616
33553
66269
36673
29876
34428
25368
1601
44922
63369
4121
7254
23372
40801
27520
32052
65257
31724
27804
33398
15860
5776
36165
57375
17608
67732
59441
56953
56952
37930
31671
11565
24114
6872
62285
28126
34557
34557
50992
52195
47440
8086
65801
42968
67130
22302
52888
44136
22303
10849
65030
14826
35367
38961
62092
8684
69516
53036
2997
47132
63134
32002
36185
7101
52249
25720
17160
42188
14377
19936
10360
7002
8932
67129
28310
43964
63100
17268
17531
15161
57350
42572
2581
29192
19570
181
18304
35000
8996
14573
24168
51881
462
2087
27693
56444
23049
49221
53074
32769
32172
53401
18960
37785
37774
27869
6076
6866
61795
46329
45369
36772
63385
61964
60144
68800
36908
38772
32567
65317
8214
69828
2649
8324
68596
40897
41045
46621
8268
17012
39188
24156
49148
2768
65250
13068
42205
12804
21210
39048
30666
59328
32712
50973
41664
52516
64968
62380
17908
23428
28592
26904
4400
31768
64470
69118
67928
9256
25592
53357
58837
1657
106
69316
48362
37221
18244
7680
39797
16616
58972
24394
13848
32353
22828
66789
49422
14422
25161
24799
60995
61029
64720
48680
120
60524
34473
40664
34732
65632
10428
57424
11805
57348
30781
26222
57852
16580
156
64656
43398
3764
58009
61600
6632
17756
26210
30492
36912
66700
22836
23622
62741
34038
6556
18610
21948
25770
61152
29756
6736
1604
20332
3765
21997
49166
18816
59621
36436
52453
65097
62186
54344
66748
10904
16549
54722
39552
30509
33861
35988
60149
31416
44416
16604
40332
63281
50413
10896
47476
25573
48365
40089
38792
56724
35489
61280
34800
61004
27868
39600
1095
22964
10035
28881
42117
4214
5600
66780
52336
36268
5336
9876
31480
16844
17462
40037
3333
42754
8102
8780
46872
17809
10524
69245
61651
29548
8048
26449
18140
40856
15162
36903
35329
40941
63978
29552
39744
28165
55772
21032
45500
10424
24141
11180
5512
29588
13628
51880
31820
27840
1928
3424
45858
24120
26557
9810
30628
2464
52969
50433
59793
47808
4717
13308
51773
60932
10628
7852
57244
8104
24976
6973
28112
1760
47596
19856
50268
61901
66792
45845
53402
66309
46873
63163
4545
28853
28853
22801
69543
21492
