22713
27891
47949
43504
37530
5673
44730
38861
61911
38162
19959
56043
68643
55241
12239
65147
27073
14406
66838
25993
54036
27650
12623
66240
46104
50942
4067
28900
13713
25100
3741
41956
29906
8738
46434
29258
15229
17355
56171
41677
41903
59987
17715
14337
56768
53029
68022
25226
35297
27295
18125
35182
30557
48215
56769
36473
35913
16491
69146
13828
37102
39450
52303
26707
52047
24810
68024
19102
28649
19076
50346
25946
60789
47925
55281
65447
63961
46238
44982
35995
45364
371
6184
40215
10233
19766
5772
35993
49967
52709
31333
3297
36539
39795
60495
28563
52584
21286
2138
40249
44706
37617
16519
877
24716
65807
45756
61338
35372
60569
64959
54173
57911
58986
54545
46227
23579
47981
4474
13957
58628
3901
40142
41411
48662
35417
69033
60125
20955
58168
67790
21886
47266
7474
62635
10601
45330
26698
12846
48635
60702
14500
18318
24169
35620
9806
39058
26444
22091
69799
3246
18651
49939
6423
1755
14532
14263
53962
30588
67738
26998
28406
67670
48895
33623
49647
63374
24339
22587
32483
38898
36106
60045
2873
25931
52278
9762
11878
50125
187
40006
675
3786
49727
53561
37650
1515
31018
69509
26999
10191
60491
36899
30303
15918
29311
5807
23827
35895
57069
29307
43527
47327
46338
17020
53820
53316
33458
13247
64301
25814
13894
13974
21853
50946
21387
55343
4045
4204
68142
13932
10851
33377
54419
50722
11425
2845
28849
66274
42894
53090
21915
46339
66273
65579
11458
4558
41144
34590
38667
43126
4291
51426
69815
57210
68683
32163
37077
8606
9373
57755
10655
60140
68186
17615
32692
11562
2840
51942
50337
62514
31332
69137
4811
41927
47298
49399
47386
43759
41042
43584
23633
46845
64627
37727
63466
5898
36236
32650
29318
52487
8505
39965
46343
58405
16267
63522
59873
27255
22890
19255
16638
9879
6126
773
50680
54650
29109
10167
22011
12954
41209
28630
1770
15834
13640
622
21134
55105
33604
3939
25893
60530
34565
567
24549
67780
20763
8382
50227
9353
69344
13876
61060
35914
60175
46091
29425
64584
370
26114
3862
37464
58527
65946
12083
58036
49527
15769
32113
16092
18263
34977
26774
19873
59816
61390
26586
31392
43125
40567
48211
19921
47623
55664
40409
54006
19341
63379
44214
5375
19886
42210
42071
67311
14448
17280
13668
44632
549
19630
41894
1818
49665
29003
27466
58496
9172
22765
55685
46462
7949
53021
63158
16275
69238
15527
65162
52122
11488
13881
12001
44169
22010
63265
17242
38871
31158
28680
23700
54354
35361
59759
53314
21696
27148
2916
10979
58751
30725
56899
49490
40986
35915
31806
32162
26772
62295
5217
64357
20320
15174
5883
37490
49541
50228
12000
32980
50345
2404
8245
44767
24651
9321
30141
65919
47106
57996
64783
52415
17725
54787
51583
38714
20364
66370
41041
59754
7857
46694
29519
12082
16840
9921
11547
57844
63239
18938
63895
41633
7230
40405
52432
64210
14092
19885
66836
47295
42320
9591
12962
48730
23071
718
21502
43546
5890
17374
60195
5095
28637
33986
4098
50392
56219
29317
40573
64394
54214
49302
19456
44240
48647
49769
22123
39229
32737
61741
22847
63201
674
9444
4431
31458
5617
53425
57677
45091
30280
61434
15617
37731
27969
33784
55029
19201
35919
59086
46412
46818
60894
50375
11693
24783
39227
3137
25642
32785
5806
21523
29441
65496
67648
57816
68430
33457
66745
68110
62077
48583
719
35627
58675
67458
43259
36884
40987
69715
40529
27012
24286
10503
20199
57359
41302
17315
42715
20124
36629
57072
28174
27083
55964
38114
59095
5741
15335
69497
43013
48519
6189
21608
6536
29095
47059
63497
65392
64003
64858
57271
22049
36866
46847
68896
26374
66527
13042
13905
13421
14674
39912
52279
36559
33777
10594
2469
41990
57459
34221
60239
65146
12310
60071
40154
19413
11038
49578
66146
67917
41383
29881
53255
32606
55146
15052
53300
46180
26442
8415
35068
2114
33798
60057
9393
26438
62204
54027
14675
69437
31447
41483
12565
1147
42965
56539
38878
69111
46725
1889
61130
38101
4249
16693
7334
41088
64385
4325
25225
45538
54412
58547
34591
41811
11588
65299
17418
52614
23164
7946
34007
36680
35158
18198
52550
22775
64125
34229
59938
53158
14773
17021
45059
25246
18020
53231
11415
37192
12494
42054
37067
37762
2719
47548
52563
46319
51957
57984
6112
65933
7807
8802
32482
7640
27061
33642
25753
39839
39971
36039
3814
6303
40214
21034
69746
44479
41946
42328
43758
65784
835
25249
57410
48072
46634
10229
44081
61758
59017
17256
58325
37796
57490
45151
17707
57303
61277
45703
30979
42538
62463
35386
3047
39962
11449
50374
43350
37217
55043
747
14429
42537
67970
44434
18884
4962
38279
58053
63215
29919
61486
32182
66437
9300
67522
11698
24395
44122
703
61771
37377
36668
58649
55267
41015
59204
1345
38242
17025
27375
52139
14238
68589
61831
25518
42926
48704
45736
44110
35359
38879
32179
22950
62163
54655
59423
33211
11076
46467
34396
11717
64617
13522
30621
19552
5311
24566
19694
28180
19428
28054
39911
1287
51831
36749
37505
1817
58199
4803
16043
16983
67789
58577
37564
42815
69165
14374
12456
67830
3551
9258
13131
69228
5595
51760
25019
11106
42860
23258
27598
12267
63658
51287
18939
67459
46249
32741
65679
66241
68760
43814
61215
65806
35197
68956
45266
20762
30584
1280
63804
25656
63246
34142
30034
37247
35806
17262
57671
4398
49511
10267
49625
69630
1724
57899
2829
42029
67746
44751
10143
43119
11718
8095
28209
34748
62932
14570
16589
36535
54728
62847
51765
27254
17850
47446
52046
3911
29727
12900
39407
4475
6038
15137
19770
17279
8814
419
53597
44669
47691
392
28862
3869
50118
63342
33462
13641
50703
69169
41033
56928
37039
28075
68513
59874
64082
32476
46926
1508
44906
63271
32131
48678
62523
13317
26625
1693
53562
48666
31758
41706
19389
6047
67310
60126
18755
28926
15829
20506
43461
4810
59849
39165
64705
19847
27333
65399
33925
21466
41744
18317
920
53122
11477
28343
60459
33797
37967
1503
59977
45563
59222
63434
37770
67363
5545
69484
52121
29687
34027
56331
57698
65359
52992
59683
1785
36905
20147
50326
19655
1413
61458
20644
46623
42893
30268
57042
62366
35245
65199
69359
46375
21514
8326
63033
39905
30159
42323
40297
17927
33855
50995
23229
15955
17419
30
2645
58609
64445
57542
34803
60185
22386
63760
57569
66299
53497
15560
31157
50922
69405
68564
68684
775
61493
58597
58348
7845
3767
41660
31192
61801
44045
53062
57109
13114
16446
58878
5759
29073
38424
7601
29777
21193
54911
20276
3038
46619
48458
25347
4038
9064
61757
26358
31417
36000
31757
37649
49450
50666
63219
46270
60024
17202
50026
42174
27195
41423
9174
46714
42378
49035
36787
64183
46067
37619
63453
17797
46265
29706
4731
19097
7519
11283
520
59066
6319
6356
66371
12664
60271
19671
42875
14914
65417
24987
49931
14966
34453
40369
139
18650
4354
58659
68835
10899
28755
32877
47396
14588
53792
31920
68514
57495
49301
64163
65303
10196
26782
2139
48463
43050
9433
11240
11790
63238
62998
18793
25689
19202
21203
1670
63819
48859
58307
28941
25164
1052
418
53743
52030
68466
24501
4345
12667
67782
58064
202
7773
51100
40852
6092
37841
52654
69461
45211
41499
31232
14837
40160
5841
67431
37995
68384
66602
8951
53123
39078
36767
13038
61830
61040
30640
67139
63156
44310
6643
63221
45580
10070
9487
9843
49474
1509
45583
22970
61118
42947
52659
47451
54903
29475
69257
33939
22329
36546
17894
33238
38102
64982
49990
35718
17213
39678
13103
65659
42544
23273
47567
54906
42406
14783
42655
18157
35423
35727
35125
31581
63634
24612
66905
60548
67975
28418
29291
53723
42010
20658
9435
21298
65833
55463
2683
6392
16999
8557
53423
27259
696
46922
11917
33174
37395
43325
10901
13559
62619
18342
62326
28955
26284
53683
60991
51159
43182
55423
54287
15768
27778
43879
42347
50998
44445
7213
8210
22846
55266
6411
25309
65594
39248
45375
55753
67791
29465
32921
24489
3740
48471
50528
24462
62594
18027
4365
46035
66495
69212
45570
42059
58689
9351
35933
23787
58901
27595
23573
64492
69529
59548
13982
2791
24277
4978
16000
63682
31782
18043
53522
16410
46804
33817
21893
58118
29370
46754
54160
55689
14434
4669
63032
66027
19057
18891
19144
44907
3391
57686
3615
60255
42326
37596
68726
6017
193
35674
40566
35803
51410
57571
52034
60254
5494
46860
55195
44499
67283
4141
61106
25670
59639
5318
16726
12677
33195
50210
28927
4043
64778
61903
38579
8493
34945
64195
33854
50768
55998
50082
17247
40416
46823
25725
39913
47987
24695
62196
67711
2908
17691
38798
52301
18589
63427
60298
29171
38640
41907
54923
60128
686
37011
40618
18055
43643
19364
27393
4326
63598
51006
17734
25690
5262
17674
50667
42903
55864
59455
47383
53530
33463
65975
1443
41136
4348
36389
27425
20842
42897
67697
2905
18590
48070
33069
49418
13788
51359
19683
4667
21898
55435
41474
41334
29323
9045
39314
42024
62401
66193
45862
67866
25353
54315
63563
30142
12225
61463
35086
9212
69201
39578
52547
32501
63439
3417
44096
49969
16591
30247
44960
15473
61759
42153
54866
34178
3584
3581
46279
41995
39099
30358
50373
41632
40183
21185
2874
7108
62415
10632
65382
5374
20005
39211
67029
33380
50131
19360
57027
52051
34042
60497
64622
21651
42255
30475
1874
5058
64567
68971
17964
20170
35063
41098
64123
61279
47801
11877
40182
1279
60494
24680
68149
32784
36433
3633
782
52505
53963
16481
15866
56475
16900
24811
4023
26498
6813
42964
19322
68667
68375
40753
67666
1049
53692
32435
25698
36904
55260
23949
29754
63599
45723
33346
46150
32259
10017
53035
9726
27194
4495
6903
10517
58623
7415
2989
6125
45704
65749
46215
27647
7435
42774
18708
31083
61501
28407
52655
317
37903
9063
3027
66533
52322
18477
68021
65958
21552
52851
50769
11744
43031
64566
17325
18478
33239
49701
37186
62512
21971
55795
37901
7741
23767
28321
35696
8044
19432
62648
25197
46296
44523
25748
50917
24567
7758
5218
20447
11378
5997
61955
15806
54387
45034
17842
28562
16268
14351
58183
7093
68738
56755
34307
60685
48331
36939
43278
35536
47950
12422
43815
12067
19163
57092
11791
5665
44649
8219
61773
1278
35446
41489
21144
12426
40542
40410
39338
53344
587
64088
41817
43764
57059
69822
60684
13846
47255
66885
32175
22379
62711
52582
7261
68905
18054
8218
30263
30985
48262
46470
62191
30113
58683
65429
35853
34671
63437
21786
49510
11654
32895
38587
30779
16394
33947
16335
44627
69713
5636
35319
25731
28541
17121
15971
55193
39231
23765
25586
14017
28086
50128
69714
10310
9308
26262
69629
29707
40799
57185
64127
13076
24304
68779
38613
22578
16002
34395
60357
54867
4915
30630
47097
3409
17851
44090
18738
32419
15223
59153
43522
67831
67665
24765
52737
22845
54425
34302
54269
41526
48699
26113
62166
31
56879
6000
10146
49397
42607
21183
17917
53551
66026
58918
24762
65057
4196
63834
40419
52922
56051
23950
35906
27696
11313
1967
3329
59703
31810
60979
8462
3842
60919
8263
47902
48343
35975
34199
61158
34240
6073
54939
59727
19670
68490
3378
60277
29511
65534
6385
58139
51667
44617
62923
26611
28342
60209
43394
8118
32903
37142
19414
15459
33895
52530
33376
13665
56383
29303
12306
26481
37076
64616
64339
60715
13882
26795
6026
47632
7030
50306
20155
7722
1237
4878
3130
9952
56182
46964
60127
11803
61142
20079
16049
39039
66831
58682
68963
69138
48011
36484
8604
40581
58877
21638
22980
3037
38614
38811
11107
36122
44374
29415
41826
60356
15403
10880
68385
49142
53404
65083
22895
1119
15382
35258
66375
9696
45494
21064
39389
41958
34835
36053
30289
14565
41831
32379
31108
61496
33632
69147
49445
35087
22069
50678
50773
55175
60791
40528
10457
42081
36063
54064
12759
63817
35845
7844
55243
59682
27065
37984
61064
65038
63031
6789
46402
10916
8216
16074
4452
49513
31959
11950
33071
64277
56305
5537
26975
49648
21342
54879
36211
38709
57754
46290
46846
13793
30511
8619
40922
54622
47111
67135
5377
1182
27514
14561
59734
17159
59569
62710
27013
1307
4366
42287
49023
19517
59870
44124
53151
21158
25802
11765
50793
24602
10308
46690
56161
49646
5698
27125
35025
23809
36726
18511
50132
41707
755
44239
22971
35670
19503
2942
20018
35789
21590
51179
4769
11839
31602
62014
61605
3469
35082
19254
45319
28668
10499
23587
40663
27779
13360
46206
51678
34545
39226
69327
17575
43370
9158
63718
11773
35356
65346
56474
65822
38590
59863
4615
33455
69427
30714
13106
18341
12361
41097
52011
49767
24671
33843
58007
33350
11925
48074
10518
68512
13287
33622
41427
32279
62063
31285
63373
21481
14435
14800
67221
38395
53985
62190
33715
21137
55539
35619
47500
1060
20089
34402
50445
9619
57655
65754
62513
46927
4881
14061
39838
30827
58699
39644
15847
12335
57177
48991
68035
34581
8119
67916
61129
57154
2990
44879
49531
20201
35026
66840
41400
55357
33068
45788
6386
15484
40933
2201
20532
17983
2656
1168
66833
67249
55389
43275
68331
66438
34932
1366
66535
55367
64371
48147
9227
59862
44454
68826
1375
18102
40375
46935
66103
66785
68544
54769
53610
15548
44351
54922
9039
42722
68590
51255
56605
8980
49831
58533
61770
7731
29132
4676
19410
4635
7012
69745
23779
64278
37469
5491
8655
40382
12855
48193
18350
18023
16970
22900
4922
27294
46446
26283
9713
67571
56109
9845
35380
48289
59170
51175
47035
52484
58809
61661
8397
27293
43770
33851
66493
23408
38281
11299
41482
51711
29776
11604
64449
22806
18906
10541
11525
25561
68147
23126
69842
25407
11958
23410
1619
49198
35557
60778
13554
52735
13026
31958
4013
61278
21778
42606
39799
35262
41843
20527
66279
68807
62370
44270
27989
7151
3278
33244
62620
31683
32526
5106
35652
69231
37427
48167
39502
52456
47710
8006
63642
45105
50206
43175
17388
30083
27906
41390
32042
7505
8
11490
14907
36486
24498
28137
18710
31465
12248
41056
3899
24993
47690
5615
22378
22009
12406
64734
20550
10571
55283
19051
3402
57001
59029
63832
21563
37491
18127
58200
28185
63343
57447
22135
25171
20737
53315
48874
18915
51577
50988
118
60990
37233
68696
13795
54203
29945
22926
15375
32258
43731
557
36351
34103
13711
11959
41719
62303
10978
16353
9553
43051
26787
1483
11491
1365
20290
20211
46587
9815
67226
42653
13295
50882
21095
20361
25098
57029
61093
5042
5263
67747
43375
53689
56473
23826
2191
50344
4906
59470
39737
13130
808
25231
31756
66930
42211
26321
57471
62011
7172
69390
25473
12311
65637
26071
60959
66245
27258
34997
47854
9761
60682
40393
27775
42818
25159
58357
5241
61307
63929
61509
47846
64295
11752
4095
8943
21754
48595
45323
53906
68326
4626
19975
56964
5888
60136
67912
44976
57764
47665
20033
33002
57135
53599
17880
13250
41165
33611
38599
5422
63943
55098
2171
51987
27108
41974
41300
57634
49242
7602
66980
41438
26996
60677
38402
66351
23577
42523
14181
26581
58762
62338
33459
2703
4914
566
50402
68238
12594
33454
7210
63807
37691
52003
42914
928
42954
18709
54518
4134
53991
8440
21855
67202
31566
29297
41619
50763
60409
23070
46289
14554
57575
36117
36266
14303
41270
48814
29870
66492
51437
4515
13801
37413
18099
68829
5378
29718
46101
49938
7555
50427
35218
33774
16537
69597
66925
11587
56434
61886
35994
45203
39311
33461
40013
40724
6014
13087
7095
68642
28338
3657
47314
10725
25134
51
2147
35885
26769
59769
7281
43881
10397
65499
36479
55003
11105
23887
69845
35268
52941
53598
5680
68036
10772
34897
48924
48624
50616
51789
1567
56306
11993
8211
20523
16590
64327
50019
19502
12507
36485
59947
18792
20027
59986
69438
18433
24655
56042
60439
37873
2503
44125
34059
67581
358
31446
41253
13055
25970
19058
11471
52503
30246
3028
55891
22577
45013
52277
20336
54104
50536
63731
20801
34273
30129
58750
4859
63465
27093
34566
48107
25558
24239
51792
16701
28465
64400
42812
62979
3646
69726
36538
27024
24324
7552
54519
17930
62241
57734
9603
56347
42011
51969
65815
58621
57153
41333
28928
60362
62197
65331
12117
69062
59806
34253
43099
41503
7150
63654
64387
54512
25453
69022
43183
33494
18994
33306
56729
41901
20995
62567
19490
537
36454
19126
4591
30978
49347
57703
3871
41911
60758
65469
26610
57019
27438
5118
55624
60861
27960
34618
5719
62914
3924
57680
30899
17558
28548
34670
65015
57451
16490
20666
68020
40509
4634
68834
27729
21939
51835
3414
39579
28475
6328
31215
12857
9155
33343
8840
19549
57979
60465
44983
54559
57222
7185
64626
61276
19564
10258
5758
37830
43867
46838
37501
45951
15833
17043
20755
25433
11827
61355
27450
60078
33218
61782
42435
43851
8087
34947
52610
37872
38870
65422
62302
59221
11145
22389
30304
31184
57291
48758
28391
44876
15099
42065
41533
49888
9477
68305
47549
42309
9228
64550
62952
31294
29302
60675
50307
4907
62601
57865
32314
57270
24991
26783
48050
45291
56135
64915
12436
22597
62379
22712
13380
67839
20879
57543
62367
46870
50598
16078
12701
21543
55287
11554
9563
9226
5014
16489
3944
69491
15867
30295
64573
58939
30068
16492
29070
61309
4299
45447
2038
26919
35920
52273
44435
12498
33120
15395
41153
7767
12746
68429
54095
32525
43958
43371
13088
60442
58160
34722
6939
12393
66369
21746
9866
65186
9539
52137
58698
50978
31762
53218
29369
48049
18561
34040
5350
23951
47038
59674
7473
56023
1183
14109
3039
65851
30618
20379
36366
62621
48902
10396
6489
64093
32083
4891
58643
56536
65804
65431
6105
46447
44031
27691
43789
37463
61500
55722
58645
49458
24117
57855
58745
33070
65514
37453
55649
17915
26793
21643
61731
65460
17654
46307
12590
17736
49022
54386
12526
991
9496
16603
45290
68358
40418
20325
53405
68515
23641
46615
58593
9785
61333
4858
16349
3457
50542
49088
49122
61354
25227
2475
53383
38828
28248
66356
8381
13557
38623
64707
4427
68897
46342
63790
64935
15723
11848
65287
44878
6906
64446
64280
33442
48119
30587
57850
55261
17957
39310
1895
8315
62251
8967
28386
62807
36813
49287
24028
18934
30642
1372
68089
20659
64749
67731
68342
62159
40559
13489
54478
9992
69254
59305
33022
18103
30953
34829
22121
59473
27890
38175
93
19443
33194
23980
8168
14951
57890
25307
20850
60683
19142
32012
45234
45109
9154
4590
16483
37362
1938
35717
61181
17243
49582
57487
22893
11179
52376
42286
7206
16214
28186
13922
33019
57574
14419
40395
10016
46155
3970
19302
21931
481
22037
55972
55638
65860
24026
24002
9794
32089
12235
65042
6318
69444
50150
38318
32208
32488
46925
9597
69844
62959
29778
36930
33714
38452
63300
33802
24891
61607
20667
37989
60082
33217
28662
55443
6510
64595
41731
47511
4719
59711
61149
35645
35246
14132
46636
49571
46245
42235
10898
23975
57907
46865
24031
8876
34660
45683
12363
50913
47723
24325
24305
69219
34215
45265
4223
66883
15133
48702
23194
9642
33869
48930
10479
65330
415
68332
29242
61707
35531
58520
5960
22403
7759
38919
5386
69860
51404
9486
36110
9807
5773
62964
41323
37555
30537
57446
897
14729
11418
69698
33287
6490
31835
35095
17223
25824
47313
47123
32722
51425
49606
20501
67
4381
37563
21169
68933
20131
39570
11335
8865
20009
2488
23219
13109
66787
35987
17024
50702
63103
68219
11020
31775
44626
50493
37566
8746
65678
17183
6006
32369
21951
50555
17591
41862
38621
62958
16077
27547
17719
25163
55592
31340
6544
46984
12148
28356
55264
8312
66824
56862
67973
41163
20974
5794
21887
62797
26651
34263
1030
46176
14134
42199
26002
54377
9533
39583
22423
39271
40698
53103
57074
63890
39053
18311
54227
6999
28933
46839
31210
59471
55115
7821
42983
34615
35635
19635
65922
3113
50221
66301
13003
67281
53229
12454
60194
59358
61791
40425
5641
34959
33531
15452
52765
49408
14661
7725
29575
67057
35079
31295
54193
16517
42281
41281
52378
48351
59590
8159
59178
13547
13723
46682
27557
48794
25234
9138
3219
29267
34047
17379
45331
13027
64819
53022
58433
44866
35393
14984
55614
27477
27926
26623
44716
34186
50829
59426
25042
13849
53735
53733
25043
47507
64589
57110
60984
21711
8423
26582
24258
64383
36915
62083
16063
41061
36309
24795
25620
67126
51599
59193
27130
52109
5254
62913
12039
68374
7941
11977
44079
57415
61541
62521
46691
48134
55589
16609
3759
9590
13193
11478
27973
13039
29516
58642
37558
59250
45787
23145
34189
56739
503
18156
21992
13802
36669
39007
66497
10818
53546
43277
45251
53215
27613
13906
49446
1048
15695
23263
29518
61302
48981
64732
56563
32605
61963
1479
65699
48429
15518
60667
16953
17929
8886
57625
39529
57699
20323
51482
52433
58856
34055
44963
38770
22751
35748
49255
16588
60134
62292
55742
20781
48956
61104
44811
65272
12446
29908
64331
36727
56823
68729
35203
52447
32532
48894
60630
26759
36202
62134
29790
67391
10287
22237
57639
2675
68329
15777
59163
55184
69273
48731
38819
38885
2310
55721
34648
6773
83
33443
42303
23643
4995
48045
17337
39577
37394
26102
44492
68245
61180
34790
39079
69719
14252
61339
54286
34589
58771
31214
45448
42989
66208
58566
18618
61357
12330
41475
23157
64275
4046
9277
49143
50976
67230
5423
38810
48078
47635
55436
41583
20362
26675
8545
14201
25578
40394
20574
59883
55308
9038
10959
11217
16062
45582
33776
54926
22171
23791
22287
51834
50031
43730
46736
57885
60891
12400
3069
19957
40755
22006
63789
7920
16538
35797
39610
18184
67510
64466
23391
58280
51686
63303
29510
13113
36766
45131
56442
49303
19350
46575
39339
38054
43041
33094
53142
2350
62400
30253
44647
33223
35559
9924
13923
9554
52352
60603
11194
23296
24751
43999
41078
26270
62036
5051
62004
16787
727
20262
11686
37674
66603
53989
30586
36350
66584
64386
4439
53815
65847
32472
7041
33773
51943
33820
12228
5889
45996
52007
32378
50977
49473
66439
19853
11687
46096
48925
14350
46210
49731
67709
22993
42713
21264
64866
63183
43647
68023
34911
52658
39580
14730
51105
46539
5428
45235
59457
25018
19243
24054
39037
12341
66347
6634
59090
51339
54558
17417
21688
63740
9388
50025
57891
44749
8973
67338
15370
35926
11899
57526
43693
64456
35842
21747
62763
7719
57531
58441
57330
57989
41095
50070
47538
25010
67657
69718
47079
36385
64762
58879
32623
6509
850
65638
42680
16974
49077
30117
5398
68278
62176
54234
29249
57915
7393
45957
53298
25455
41271
273
68569
23865
65039
42055
36078
61859
63015
20197
68338
63366
14614
40339
11919
10663
13271
40161
30300
53698
45722
11743
64507
40620
51129
50979
1788
56138
33779
50274
22522
31861
26794
1306
53109
13246
26726
42377
19916
8089
55535
48771
33347
47057
62015
22074
23234
16696
58172
67751
60130
28303
34304
10513
20771
26003
53724
63891
59693
69699
20383
13666
15098
5859
42861
31864
45414
63643
23122
69474
5971
53366
51002
1035
50695
6449
57681
50335
4227
31508
50677
29911
13883
60210
57771
40665
4783
56295
60622
23753
9106
21450
50554
56689
20646
64345
64906
19125
35800
29243
14297
54927
54172
50927
44903
39263
32257
59855
42533
24505
33125
6263
23044
36698
17847
7721
7465
37402
69442
1747
66606
65273
42539
47107
59354
35389
52591
2069
47351
22286
2115
26090
28262
23505
19029
738
35266
35519
13831
10902
54088
15262
50955
43395
49034
29541
67569
6262
3223
56698
2146
57450
48797
35394
24155
14748
47254
54544
22911
60118
61790
36748
34126
8630
46201
37156
58786
20917
2774
17489
21470
20368
1034
19247
29842
38325
68942
69432
38511
62237
19825
39202
13493
627
45318
52302
59545
27067
46933
57311
31839
30623
42431
51614
63067
48599
28935
40873
32115
52998
55442
29005
44653
27423
53751
24092
49615
27599
31529
1199
24348
47815
63273
15764
14728
58089
13579
46802
59760
20261
8929
64962
46051
2972
50249
68148
10266
36272
58129
28244
42785
56237
19633
69154
14589
35518
69215
50090
20727
55030
5481
59188
8675
58546
69773
46892
23013
23604
12527
63747
64447
26962
50557
67814
29412
11782
54785
64325
5495
5614
28759
25727
6968
66801
51139
62987
43660
50315
40099
57387
13722
22467
24295
59206
17757
7743
9191
41531
5994
22959
18261
9397
68660
25892
41447
57818
42768
32749
45503
57479
38605
36305
64281
42155
1195
34171
46478
58347
38722
2903
14667
36931
62617
63710
32668
1902
15346
63833
15150
42896
48172
42614
11724
54651
40066
53174
38199
570
56669
51993
34791
45317
41229
8375
2194
35632
52660
692
38592
54201
61459
57336
2190
39151
46071
16260
52859
63946
31382
2299
37437
8463
4934
22602
66506
37103
51083
37441
24872
43790
32717
20034
59604
23778
20775
11470
57414
21332
61846
39152
26927
12053
49550
54467
63870
35445
67051
49358
50553
56707
67134
29768
14892
44230
7375
9730
57998
59973
54026
30337
23128
48297
23537
10638
21787
21341
7196
65917
56449
26918
5718
22747
34058
33905
11334
57679
47609
55411
30220
4666
35
69805
32267
46975
38680
67370
3609
61809
62609
51999
61858
20035
23003
2702
28393
64995
40810
29071
38088
32370
13385
21835
42898
46866
61094
38290
21287
2531
22944
61305
754
59663
68330
68731
61306
26344
25315
25989
26333
4955
13294
64919
20609
59892
15329
52253
40932
8427
4827
68361
18031
2330
7149
777
3265
30388
7479
25728
64555
56402
20293
59273
62469
11419
24835
14124
36376
9834
7710
69145
41801
26023
50419
64323
55648
13907
8013
68204
54231
3973
32197
29663
66876
64733
32393
7434
58692
31847
32266
11319
54997
7746
6762
22047
27806
63638
42464
16867
7539
20382
69448
62243
52858
61723
65752
40619
2556
25491
60425
6027
34909
3755
55910
67318
69646
40417
48661
37822
49346
25809
35315
28394
42025
27094
17457
36770
30158
16866
58667
1606
56863
63222
28778
18248
17714
68647
6464
18169
4579
46675
12200
22134
29301
12937
20960
13578
9662
29490
9319
8897
5606
3647
13979
13781
67067
61046
62117
22498
2352
19640
46449
7532
23900
48317
48165
48338
13855
12703
51353
41346
5942
56883
30389
55097
3173
25644
20168
32265
39394
20357
53163
62211
9052
32649
19985
22072
45381
53000
30579
45147
10762
22951
6631
53313
13811
22170
36926
7812
8747
1059
50229
41180
43573
11563
58054
42643
41730
22437
64934
19903
62739
10325
55285
37860
9651
35505
64043
2012
43781
62010
49286
42786
67021
22411
59425
54839
69598
48835
5515
1977
41959
21596
59555
66194
2036
5455
30143
13020
5914
29681
10859
22843
4807
33871
14715
585
11083
5858
65521
34338
31186
12589
53512
18197
23584
21453
2684
18349
20964
58715
4389
49500
44587
68819
15817
31551
5165
19028
59917
479
69849
45949
39976
57186
43118
9107
52529
39906
66814
37593
25072
50757
68271
56234
32920
33296
33003
50177
35345
5022
5915
63917
3423
69553
9518
45358
35302
49913
47770
59359
67011
42773
28545
66190
5543
68083
25888
36661
18742
23425
10399
50883
55147
24581
20263
24206
63330
28046
46419
23601
2062
65642
3777
27994
20656
67231
69741
60179
44710
7737
44211
30903
36265
19191
58680
15846
40939
37002
39313
21383
45919
12994
12987
9243
16445
36769
51687
61931
4926
67651
63935
13415
58005
53915
38291
15173
1971
2634
54749
67079
26825
56049
3849
13390
32843
34544
1797
49345
48048
49616
56613
46139
21494
22930
61101
37143
12342
36665
24654
39663
53625
43220
68163
33827
15067
9145
66802
20624
24626
37585
16473
41564
69278
7575
23687
3725
41571
23600
41691
5397
57068
51118
5454
53230
44904
69433
12579
43962
47361
434
62199
43935
2163
65644
53175
63146
35510
15554
7111
34503
28087
59177
42745
31072
14700
60862
37253
6121
17935
42942
6543
52218
64712
14666
8164
13151
168
15347
28833
17178
59937
10584
13430
8434
35004
19846
25454
33381
43554
49470
67229
44748
30626
58432
36664
57100
33292
67128
12455
34733
41601
12525
22882
5789
11610
52002
37806
33782
63897
5178
669
53260
18637
24257
26162
44709
54130
62017
64868
5439
63997
26363
5643
51369
53937
12376
18739
61471
7856
68438
58666
7475
27934
56330
2987
21190
59579
50543
69813
43678
65427
46379
29559
26814
56326
35303
45139
69710
27072
63635
3685
62508
13833
41457
11348
23233
6529
59174
51169
2102
4548
6149
58677
23841
60687
45007
16878
48021
3754
623
63960
6918
26012
16236
18310
43283
41342
62356
21634
11210
18229
38818
18974
5493
22130
33429
22487
11434
8303
5002
36113
16295
20792
7854
9564
1423
23322
31137
39687
55286
68423
9602
33801
33765
68721
42890
32845
27773
23411
25301
63730
68703
54087
19153
56264
11261
60132
34075
46702
8671
3106
30287
9618
33813
62835
69711
23474
7755
45779
52339
27165
20505
62633
65889
6622
7559
59079
48457
36906
54613
54663
40260
15374
31761
63406
5998
16315
53779
59725
28846
12744
69110
38481
9276
42642
19506
16215
14310
29898
46551
49250
20191
23136
46923
64818
47073
62613
62207
43570
41534
35278
54353
6057
41867
21751
35294
5891
10679
25683
7263
60818
28834
22638
58425
10698
33794
66572
13777
18394
55437
40155
14793
53734
13791
46617
68162
63328
53493
43047
15083
3251
21604
53026
28053
36750
43121
3930
33177
61157
53513
11016
67656
21938
39625
12702
57759
43559
43725
60083
41269
53014
9338
50909
66283
65058
43361
28847
19052
59032
50967
12246
6774
41559
65109
11355
24389
35846
16542
22707
28210
55002
30798
6692
14194
59554
65755
987
10981
37219
46441
22969
52241
53217
3161
44447
10831
11023
67577
48695
67292
16451
21335
65265
4730
54893
17114
41595
1740
1397
6447
29517
54385
59582
60502
62062
12871
19621
44011
64763
10706
12167
17822
26157
51841
56478
61258
3210
29682
5477
67739
36756
34520
43576
65448
2856
51788
33584
55388
40465
34170
25007
33393
61954
43858
27967
38838
39266
18521
52923
65419
67062
5255
20381
54271
22285
34425
42317
15570
7126
35985
14410
47967
43818
63862
5664
46061
56706
49613
65485
25233
28599
39269
38872
6141
13140
12478
3422
18826
51454
16814
24191
27479
1466
19317
9790
7094
28835
40308
5411
44220
36657
13891
53367
6246
27917
52400
31641
39522
27958
24890
47006
55017
32354
32475
34150
198
284
27335
64777
12071
50732
38058
10259
1502
69637
10621
25647
7703
14915
35618
17510
46207
49199
3797
6914
14682
18381
36258
2066
2731
16715
30707
54783
159
20768
7736
12505
12504
14789
7855
56317
69392
54073
11139
13890
38427
59190
57985
67406
65006
38426
3167
60623
66483
22089
42975
26497
29662
48279
40829
32207
11055
29969
55698
56902
40487
17882
47939
29004
23462
35279
10990
64727
28277
60729
43523
8924
58320
49433
35005
43906
9142
58588
59845
3780
8066
46102
41747
2666
63796
25230
56831
32183
68047
66195
43900
16815
36794
34721
28631
57215
61625
34274
56664
28466
10955
56405
37977
53181
58346
35019
40761
7669
15214
35332
65212
3296
11138
32126
25247
21577
24068
6421
30574
7585
37125
10578
36254
26674
18126
22148
45422
47679
31654
35527
48337
21195
14247
69153
49927
23002
8069
12277
1061
41395
31109
21883
17675
18617
43488
47105
8310
50679
33796
12730
22471
28779
29609
22888
52780
67545
66226
11183
753
59094
41002
13792
36867
65161
8151
6675
55659
67369
45110
29396
69013
25283
10339
46498
11
32939
18900
27283
34923
65274
49709
21133
14504
55041
