50098
48784
25002
58336
25169
37586
44819
40491
27905
64664
31571
1374
55831
22257
64328
17819
39466
19442
55100
3361
29989
33763
34867
65428
27992
68639
17887
53070
4066
4314
24763
6981
3438
32029
18726
67010
9059
66941
54974
42423
40614
18780
47890
69092
36238
56783
3799
10264
63293
48516
41225
30426
12833
26312
56506
44677
27435
48786
52345
40648
17117
43618
64102
63504
63781
19448
62704
25496
23376
45748
16561
25240
63776
66564
1877
17810
45049
62465
43124
50745
22402
51506
10095
38695
7999
38982
7410
69159
54479
66490
51955
28447
37149
32030
60340
39148
46721
43510
32031
89
59361
6074
11811
53478
46336
56441
26249
59438
53124
19446
38521
3523
17777
34303
58070
69589
57395
52727
54985
45183
60529
23891
33281
35021
30101
60533
29142
49987
39417
36282
12781
67389
8281
11876
65574
12605
31615
51899
44868
32638
21686
33155
14685
7561
67629
25022
24067
40679
5076
44328
67245
16034
8809
48865
66137
45279
27612
44419
5811
65064
42672
15193
2740
56971
42548
2597
13798
37509
45663
31930
3119
58242
11570
20437
34323
24774
39307
62261
24575
25308
56796
5630
9787
30638
29133
36658
21663
62530
17938
2551
59111
23101
69079
34465
61894
51005
23446
28446
48192
9153
12879
32624
42274
37035
21501
12695
44117
13171
5054
25250
11810
34703
2
68709
62082
28636
29252
17052
39207
31910
64614
57787
60343
5790
63622
7831
28198
8011
44071
42509
11936
67234
28721
30425
67607
63000
58575
22439
21846
47529
41815
45046
10730
57557
43953
38089
16248
3050
51237
39027
47065
68181
20927
1269
14174
5091
13297
55718
8598
22097
40571
3900
57441
42334
24934
66776
68234
29153
47429
44994
46357
63621
58955
32137
64324
68134
52331
42200
34968
8305
13235
53353
52265
24749
54239
37699
27781
68948
12140
59762
8527
46475
54738
15993
388
16044
63286
17741
40109
37686
6666
7744
67858
23665
60055
68118
48213
40238
2921
30218
25623
3088
11905
10100
10793
12428
33133
6493
513
25601
46344
4573
53700
42524
63839
64251
21420
39194
63780
10798
43189
7645
22055
17344
4640
46426
31686
8429
32582
44269
35996
41741
242
13678
66698
3083
29403
11903
27266
28445
44999
61654
66460
33154
30402
55620
45365
23831
44361
67619
43173
20783
62374
28511
64817
18814
49371
66650
21047
7181
19810
38940
50957
12819
52268
56849
22481
9640
25416
48618
62263
67996
48374
60462
65785
33253
40626
26354
21687
14099
62697
15389
4309
47221
36379
47413
13422
42699
28762
43801
67936
41949
11461
27566
64293
29160
22705
17170
13402
42422
8653
29239
25245
54833
19719
37369
4965
32579
67963
917
4318
54628
50562
45137
38697
28178
7976
8532
50367
31831
68546
60843
34427
52223
39755
26264
11159
62418
39685
15873
47114
10345
27680
21838
69641
49495
44158
7729
42973
58387
17304
47553
56808
30706
30671
65617
40354
50499
40241
22867
47098
28029
29134
61887
2886
66095
61512
37387
3299
59841
41613
43421
29699
3522
60374
46614
8030
61114
42114
27001
32766
19169
20509
8264
64329
11794
30422
36828
45879
39136
69788
36789
35074
56370
18190
20334
48767
45145
48332
42003
54093
66999
69647
28807
58688
57392
21299
22111
11578
64758
44857
24214
50116
14860
11445
52185
43418
19342
69260
7426
40135
37270
32639
48123
34833
2064
28578
11853
21774
21999
9196
62953
21389
4618
18247
44251
57131
5136
37030
51844
23639
37054
14086
4079
373
68099
34482
31206
26836
19798
21201
15123
5691
28294
48970
68179
65693
50991
44502
45141
49793
44253
7892
58697
14845
11834
10436
17829
36725
12617
44625
31644
10062
30201
64568
10244
34475
25158
1461
64890
64101
39673
18154
10206
46123
43115
4549
27607
30471
5069
12264
31237
53472
69839
49865
30316
64463
17523
66363
22646
43458
45915
38404
11521
61146
13443
42571
52508
49780
47290
37735
15727
18133
17566
5720
23539
954
50843
64090
30809
14083
25705
1
12722
55374
20369
28722
8906
35841
20087
13346
47258
7706
43443
29875
58869
47678
2802
46432
42415
67486
43133
31678
10437
43015
17142
50523
41544
36515
18528
23308
45441
6477
13732
69565
46422
6083
67164
26400
52631
51705
40723
28757
58871
56782
55032
10721
22724
43930
3875
45238
64856
9527
4205
16273
63305
56062
31455
54700
15437
6218
59515
44189
31371
940
40821
61761
39729
23469
17498
67934
7687
52828
5200
25503
29014
65040
46917
53243
8149
2225
56040
30729
11122
13291
21626
8307
10727
2567
41035
26134
30413
24681
14051
2944
48416
40292
23928
12788
67235
7961
4071
39326
60681
50305
32033
15597
69622
69106
45299
41238
11517
27655
38706
32201
53289
27538
49928
45771
64397
64089
67885
67282
25087
55203
38209
30401
38900
68249
21613
40277
51898
48850
23250
15593
53473
32447
67364
36132
29408
16925
60324
45303
40949
18818
46359
45870
23797
67362
50852
42852
35610
49010
41787
63846
65935
55117
31771
18264
26378
23330
28177
8767
63919
45874
57442
28638
69305
60679
23814
46466
29127
51848
66379
53275
50517
2699
49537
4152
38202
66150
51914
38225
41421
57864
26008
67136
19583
6729
44871
11895
37303
14294
1982
26495
31481
40387
9983
64846
40047
7694
28348
64009
22023
8073
41267
23930
25355
45316
34247
23329
10809
28076
62094
2866
61849
27953
40056
42064
38300
53360
50604
9396
21652
56233
29106
64996
35582
52409
5943
22322
34822
69011
68029
17265
40870
23578
53860
50744
17979
21407
22985
60229
67716
16997
69561
41950
46757
68075
4537
21306
57786
31129
49431
31270
8241
24677
50237
21247
21550
5533
32249
32273
19039
62423
43202
48533
60094
18925
67525
7279
60572
10611
58707
10583
49014
8137
57239
8533
62273
15321
12080
2418
48303
55643
53323
23707
45905
22829
50959
21315
48222
38985
27614
53802
47199
37626
43428
67187
14049
47318
41445
18303
1382
4126
60885
63164
10061
21246
69061
31943
50459
58539
34337
28876
55275
20074
55574
2735
55085
57149
17772
27106
32239
19593
21701
39584
24897
44969
18670
26553
40954
56742
16361
6684
45945
36639
24777
14025
66397
8785
22813
40441
61970
53065
63191
55468
37707
10255
17029
42152
29550
3178
37082
3603
7485
12182
10038
22997
43604
43080
20416
50820
44020
33317
40107
4729
8773
41418
15170
65538
25757
46219
55524
27386
58342
48886
38237
37667
19919
2918
54708
3610
6982
12787
62013
20563
39902
18335
50630
32991
50764
62877
50981
36825
34863
53998
17319
26952
62310
48883
10661
35396
41705
48039
47064
52907
51186
29697
45028
55713
32307
39696
554
20188
45558
26656
19272
15303
39761
13789
26489
34877
61958
5725
55405
56505
44234
63311
61595
36690
16704
35691
61581
50670
6671
57882
3709
12488
6673
59211
11888
33962
1214
38698
1955
21366
29447
27846
59869
67582
24271
40337
53956
40903
3997
65239
49814
27000
12511
12640
52891
32887
46723
26645
61850
54791
14262
23576
6659
43614
38658
65067
3534
32125
54053
1392
58686
34167
68281
38224
31632
30423
18945
5211
46852
66829
658
4253
30497
46474
33835
13980
7745
59139
11546
5235
10347
18721
66430
14830
48088
4236
3915
45577
17599
39798
29280
21394
54089
20733
57925
63937
18096
27287
32250
48990
16545
19146
9821
10643
42980
19267
62602
63991
45278
56423
47502
13116
12893
10126
15085
58790
3682
52716
53385
53712
69731
35801
28789
30000
49062
41320
13285
65117
33762
34758
41999
1211
18015
41416
56845
13352
6400
17434
37552
60650
17832
12582
59411
34818
10726
47834
5000
55118
23623
62629
56178
40368
37154
58291
37545
41737
63693
4720
11571
2107
16414
60063
66653
64039
17219
52548
4522
18620
64441
63213
60975
18038
35043
58245
53857
59916
31926
27770
30756
48790
35617
64569
35179
33341
2017
68669
52686
66551
10735
38764
56668
50458
3311
43353
61072
22600
34452
112
43884
22647
967
22994
7667
42674
47435
5009
40677
20540
33990
13973
52457
35410
43714
10462
61472
69707
47838
33639
40327
13413
29602
57658
22555
61567
68811
44339
95
42972
41425
10998
63240
57657
2795
48223
20545
213
8791
62640
45485
48202
41062
61206
12791
11462
19192
43828
58684
43641
13743
57659
56463
41813
66550
35064
59662
26808
61447
67828
56386
47929
24741
374
64975
24554
53234
60580
62646
54774
30635
2482
25033
36877
46062
26377
57505
12615
34658
39619
2307
431
60217
27341
37047
52649
36047
65726
54450
47800
60218
62372
32274
48975
14245
4401
55021
16001
63082
19159
37271
54175
6025
30214
26717
34114
11371
65243
7859
66541
29394
33840
39482
19242
63861
2244
16633
22931
26679
21620
64615
2596
14269
11920
1546
21265
66654
66775
52023
61063
18745
47993
44769
9782
1109
10755
59051
10359
33988
382
61358
14373
63417
45095
31498
66248
5601
8652
30192
64016
63957
60664
48485
9315
18490
25322
16415
5447
8251
36839
19843
18238
17196
5593
51411
24687
26250
59998
67961
46603
8922
64398
8907
37751
55394
10101
68344
24731
45606
38208
37176
29283
22494
34041
38539
42734
62687
22718
63987
69623
64842
758
8575
13071
36283
57961
14334
22404
22572
59343
5156
37766
38231
35642
55619
53589
985
28525
62926
21669
26642
68716
42843
56550
11702
60369
39779
3267
24517
67087
34555
19337
10897
31086
52439
64665
67661
69595
17030
37452
69157
33309
2887
53439
60601
7063
12547
67017
12360
64216
30761
51133
17497
14301
25057
35282
69460
26357
2686
27591
19291
51620
48221
11463
67933
17410
44989
12878
39367
61875
21547
69134
51804
44777
15992
54021
40090
47080
6304
44309
68892
38979
20250
60742
51553
42032
67538
61906
13354
53445
52328
1631
37163
17180
55333
621
54090
37392
16904
67262
55928
33021
37198
67064
2690
58002
51351
52930
38367
53656
39904
66858
17157
14094
20051
65753
4794
8201
65362
15368
3490
46562
20857
51047
39991
51480
63938
33862
13775
25443
47403
65201
24523
21140
27163
60878
4184
4824
12868
52116
31148
39646
27925
66577
4740
58213
38125
18464
63715
25876
2941
38139
45498
49898
59661
48189
2398
28239
69076
45143
57314
26425
63207
4708
62985
64053
28878
26558
56341
37529
7421
47
6023
983
6657
32153
51677
10442
52485
50669
531
33559
44118
61431
51053
32100
59738
37070
61647
1155
10276
59290
55979
52987
18673
26318
5027
64249
56709
4535
61566
5198
68349
39978
24691
52332
48658
32796
17886
66970
12237
9562
14087
8060
35397
59165
20962
30837
51308
38045
2984
61175
48082
40497
29838
44148
32547
21237
68004
12873
7277
38855
22989
12550
33386
21191
66686
64548
3778
38049
9934
44393
32807
35973
26981
44149
30991
23764
62754
48900
59189
34817
16873
18691
47620
27631
42625
27750
18972
21391
26858
58523
64949
5516
39776
65108
1180
297
35196
36972
11300
43233
29988
65244
4933
29959
65794
36656
25413
31875
14742
10039
34657
67454
17661
36015
7205
32233
37815
59059
62309
68145
69665
16246
49737
28476
33734
57101
15213
46515
64054
55735
30419
59378
29739
63290
5474
63486
50645
4056
65557
65151
32986
15879
7114
36806
55185
173
13403
37329
1236
22684
50214
58107
26884
38164
67937
69785
14607
10114
37318
57293
48241
11723
58991
40430
13735
29955
6849
5449
4301
4830
29515
39062
28223
53833
3183
1293
38206
21816
46302
14908
63688
39159
18852
60088
5475
52985
691
1676
28514
41869
16789
31150
58906
589
61360
64205
13614
4471
53017
47843
14853
61389
60475
40588
15142
25419
18897
78
69086
48789
51283
31431
16945
63269
51414
40827
7301
13089
13899
52494
40096
28991
21031
50096
28801
67990
18089
21063
27367
3857
42998
49389
1354
28665
30058
35272
18405
26950
60
39366
46404
58323
29958
29102
19411
28790
27954
55623
50866
27278
38179
59342
45559
18998
35088
12655
33255
39555
47853
4715
42182
25361
57377
15094
49481
3198
39933
7705
34814
39438
58268
14175
42046
12673
63398
53663
13733
55207
48785
41556
13897
4260
46378
62965
47249
62164
1103
44076
37065
16145
59013
19290
58497
48478
64202
49934
15391
64075
2985
49150
50595
17471
40534
12782
61416
10544
20080
35745
29831
21813
40050
55997
54327
616
35974
13727
10675
56387
53208
1360
25807
69535
21942
53262
62282
9913
9781
9751
65930
33511
47966
6745
4122
55383
36929
6075
67438
2617
35188
44371
38795
68133
56764
29738
27636
33005
13546
42518
67988
11680
17035
1165
48989
58864
40324
54416
1344
4337
37114
65451
35653
53602
24773
40210
39553
4077
7291
23780
66774
31613
60505
15350
67215
56629
63051
1851
65374
32017
49071
3109
58383
2825
6407
56911
59529
8689
37431
62149
425
44699
36347
30251
11901
48675
43265
53953
23461
37139
41261
38080
64952
37487
41152
37998
43339
55610
39460
62031
22323
8783
21785
23037
51811
44558
64534
5070
6746
37330
3724
40625
52169
42869
25123
8233
10394
5369
38849
8905
42037
49860
50658
58775
13978
3927
56870
46891
10435
15206
26056
54560
45380
31672
35236
51168
33900
6796
20539
58729
3677
29306
24676
59763
20603
21662
44464
53371
10270
48958
36349
51402
25199
50594
65491
15351
58374
56291
40301
8896
4340
60794
3347
50418
40438
33354
34862
57150
68207
65385
19116
757
59374
49480
49169
41433
10580
19995
7723
44682
40869
6169
66005
2315
29124
15839
58852
19658
51807
16247
60221
64639
67285
26215
36654
55450
17499
29352
21606
56994
5809
38015
9840
9249
35737
189
4517
15087
54942
19837
4964
60961
69313
49566
48031
62479
7445
30270
48067
47291
30608
42185
18249
23415
64349
44026
62129
154
5629
28741
26853
24025
33658
50036
28371
3678
22746
55937
11296
66329
53118
17131
47483
59322
40200
29395
65323
50123
59641
48220
2217
6433
29233
54853
37897
63167
969
30705
45877
60761
44209
1587
31173
23116
36975
38147
20907
2813
51545
56073
13142
14428
69133
55101
27819
17432
52927
18937
7312
24692
63094
37297
57862
5381
36200
11847
25450
16036
47496
24748
50212
7400
68916
62320
64913
30097
66538
27657
44614
17576
14746
31014
6561
35638
35690
35450
51693
32894
12316
35746
52715
62954
53281
31167
30430
18442
19591
5571
36655
5406
23392
52756
45115
40385
34238
43607
25397
34813
67065
26287
18822
44355
14095
31990
28495
27202
7366
24179
66374
54278
61979
34692
282
32642
43268
59333
41809
21460
5196
36019
42772
43203
24281
9024
50462
46355
32871
46497
59775
34294
27203
49567
14717
25198
28564
21465
27288
617
67478
44233
24829
58828
28646
36947
19793
53091
38553
52313
59185
35451
58440
24018
67267
21143
12927
15434
14874
63596
706
45882
50434
44678
51751
19566
6190
42549
46076
32964
40414
51918
38148
37229
21318
58167
50429
58206
54262
40863
32802
26251
35083
40834
30554
57914
54940
19989
56525
61138
21584
45597
33590
29293
30767
6829
52820
66099
68699
38777
52991
8225
10068
54885
36670
35120
40116
20953
20621
20105
9220
11710
61971
69564
21101
23349
28897
46423
31058
39762
22728
41511
63694
29290
24669
33739
50081
60215
67606
69409
33916
28191
1486
36109
65319
10403
29830
5199
30410
36506
25193
50099
1620
69056
55941
60886
49882
8725
49210
63665
38763
4575
1954
43606
23060
29971
53886
63206
45253
7450
13283
16437
30194
38901
5882
5442
10203
26133
61223
3731
37979
45571
16112
12109
24559
11269
20480
9542
61342
67259
66724
45337
27927
28059
45486
13803
66489
26535
28635
51719
31750
27002
69758
23513
21005
16177
14338
59020
25457
8484
45584
63217
69759
32104
4639
1315
64230
68241
42136
3692
56878
29101
26466
23559
69058
63939
44691
33486
3744
28990
20665
24053
19479
4173
22259
20070
47818
67837
58337
5549
54091
56882
52961
25360
29983
475
68562
55151
5690
53113
53653
3117
43983
7596
58854
62855
29221
23926
9571
37178
20675
28400
56513
4469
36171
42413
10477
47473
7686
8376
32050
52834
32962
68943
34889
33213
19718
5870
4289
10317
31793
14926
22988
9506
41432
43715
48907
37398
8058
22446
25011
41478
51646
66232
8285
43134
6758
44450
62377
15913
41937
28243
48083
63382
2454
16577
59
55238
33487
32458
37314
38205
15658
48692
67800
28640
53709
21526
42329
4550
7613
61641
8126
16745
10055
43811
21330
51915
35615
32990
43623
9369
33928
50239
47718
23697
42039
59655
11197
32797
46043
62257
45961
23340
45681
49372
30293
58369
38166
58
64261
47809
22249
27830
35031
39763
21610
15951
13281
1702
18375
65230
69752
34147
32701
44586
14213
4085
47219
61892
8165
7881
35639
46947
63619
635
17063
28374
35476
13615
15439
28078
42828
25362
5303
62956
11703
1174
42698
36182
28590
2355
55920
11595
31674
7399
64746
41399
19297
6991
33065
58565
48763
25463
13836
41378
27627
14499
57624
35945
12399
14810
61073
27476
20873
988
3285
62883
8815
15799
11115
12162
14553
47289
54900
17900
22421
56002
38836
54140
57823
6907
34756
53845
52833
52630
66611
3642
60743
58945
65188
24035
29819
27734
16988
4982
49533
14190
55688
12818
17330
52971
19071
58941
63484
38213
53213
66361
61381
38546
38167
65373
28625
9387
29449
7690
27635
45798
59905
28221
1475
49565
25221
66561
6682
27818
24930
50874
36457
7167
2530
51645
44874
28355
31568
60602
1224
5407
46377
55295
43383
966
38762
30800
4317
48333
8958
66118
26643
18039
27286
4839
31107
2932
53261
11278
11394
59739
33254
48028
50144
23872
45534
11033
62795
63983
30326
48744
1946
45883
66733
37577
14626
50188
24883
50693
31614
55744
35030
30315
49855
38222
36375
17577
69426
57173
54592
12638
13618
13298
53474
3866
54491
32283
56956
23679
17555
8258
14266
24988
53479
56188
31143
40306
37150
32765
54422
25563
3537
44400
4589
49856
62794
1355
19634
65342
33422
11466
58819
55810
54238
37331
46482
64844
67340
27225
29238
12654
59995
18682
38824
56343
27388
68572
65564
20162
61968
39334
39760
61165
7062
19519
10631
11863
56360
6966
6269
35178
3199
59330
63603
35578
20858
67068
22101
46168
14980
45014
36181
58558
30209
31640
60165
30073
27016
36918
6722
4889
61918
55606
58974
35747
19834
30427
278
25992
48988
33423
46030
47776
59135
58356
41106
3745
33683
62666
35151
5163
2451
8209
15946
19835
66136
35408
21331
56189
30495
11252
64808
43990
43579
61133
16897
14020
62665
59785
34622
37625
40334
48227
1420
5602
66668
34188
5233
68084
56361
60915
12350
21544
18802
10608
17611
22858
15738
37749
22063
21179
63525
32838
47930
14841
43135
65511
31536
26735
60086
61001
50753
64843
17211
51973
22633
12234
20963
31853
36531
67343
66104
49292
7924
34912
38564
15878
37543
67162
20970
64790
69451
59610
64026
23007
62363
67002
2345
69634
19881
65489
55942
30313
34596
45878
18321
49151
69400
56609
50654
18044
7960
50915
55080
45478
17210
61457
8330
52314
39943
68074
62378
7420
50218
47238
58065
41419
3873
17700
24496
31053
26302
39643
7810
17587
7381
33742
25923
19686
32675
18166
38211
68248
16836
40284
68822
32910
48191
36026
33556
59919
14924
55451
17838
46385
20701
1542
18093
35150
51923
10094
64137
66949
41250
43253
48350
34757
58386
30205
40170
23242
30269
2586
12790
10250
10171
8659
27110
15367
16675
40498
8530
49631
55622
27505
29382
13459
17905
63618
17992
48086
66065
37141
29401
41796
48715
735
36862
60831
17033
8416
24532
25070
24106
53145
12172
1225
22943
28375
21176
49605
54339
62645
42599
889
12960
20044
24450
22939
40408
1969
33883
15297
113
36986
47218
20981
9933
13289
38034
7902
37029
19210
42364
32446
38973
42540
57328
17449
3613
30808
16324
30528
55045
27527
15410
29137
3956
55327
53799
65925
13928
11493
40123
411
4898
69697
17995
22722
22497
5564
23875
52005
10821
25412
14936
23873
63869
68308
41159
19673
18698
33720
26019
55862
21222
31767
45497
57078
12169
30639
13561
69319
33387
39306
18259
63190
68448
26329
17779
12245
62040
40348
29828
57909
31057
39518
63327
36162
47574
26809
60275
48018
42770
56867
51037
16142
28003
69318
32071
55511
51849
44025
28832
14774
21164
25544
3243
56625
19963
9916
10994
19725
42996
69275
61382
42414
5799
49108
34553
48880
1215
47113
25906
64348
53105
24537
32874
55587
4958
42916
25662
29720
135
45325
69182
55828
33471
32454
53925
64097
42992
56151
44613
33484
64754
67186
19237
63916
7133
9372
65168
9272
14217
1880
64802
33251
60609
65983
58668
53637
35523
23080
4153
32311
21674
5141
48855
18106
45189
38051
3695
28218
322
48674
16725
39629
19870
26711
21863
34801
38684
63326
48862
17480
31639
50247
81
47354
60680
49075
25700
6842
58045
27590
35274
63430
54414
5413
44216
26471
52692
68337
57119
3872
38259
15091
6432
41241
30086
44303
4091
28744
26337
68460
63228
225
61222
10006
24107
41913
21622
39458
8531
43633
31190
28265
36501
58603
47861
50818
4493
39787
35305
47054
2744
52531
31525
24098
16788
13565
61259
6747
21847
27531
45226
49494
51917
12206
39291
48128
57165
20050
8411
45241
1582
35121
20285
65070
60291
65999
34502
51747
9803
22626
13870
62882
1116
61396
66105
14497
768
23343
49313
1769
42557
13925
36586
59437
14457
5043
29409
28370
42978
45861
31695
45324
1746
64519
68725
11357
38050
19830
10826
37582
15390
49098
42505
47450
1259
54639
19038
10609
30895
10761
7701
26172
60160
56746
37243
50963
336
17270
54886
5802
22244
23458
46458
51114
30499
57329
36308
61137
49754
43519
9823
41397
25545
59918
22706
62006
4678
59899
47428
46156
40449
7954
64792
44533
4302
55395
38021
49129
52793
55806
40283
35685
40363
54625
6519
4703
52771
37272
49512
4540
64151
49350
38274
64885
58466
321
26837
4087
53273
68529
43887
55022
38110
7446
39261
6670
67001
34949
55306
39642
63056
22362
25806
22294
35411
58361
41004
66431
5298
19880
54338
2682
6814
67445
48718
21120
12780
67266
35171
55252
5679
36425
36256
9079
17830
68920
2998
28500
45906
61725
52165
867
52523
21885
36922
35862
30498
35027
11981
53274
18803
13995
68293
16282
46407
11457
68282
8812
57026
65502
2450
59081
40985
11212
40005
31694
42009
2906
15701
61205
65780
62114
20469
27541
35667
82
9568
61729
3320
6661
49634
36374
4179
10795
47329
57220
24044
55222
60774
56591
69787
42179
34384
42260
21605
65119
41626
53914
13904
61973
49386
52909
62468
12766
31283
62905
42696
48479
40650
37386
3822
57718
50024
51293
28030
11979
8173
2497
48087
56607
1554
22307
32787
12382
21121
28378
50088
43450
44538
10794
25949
63651
69281
39834
46063
40793
62168
54428
38212
1720
46918
22258
4509
28365
12211
40413
64691
64747
54608
48000
44750
25484
46792
57469
1386
37569
49109
60043
20772
24457
63920
6495
53725
24334
37064
18898
68211
23870
41864
15372
4388
14164
59005
65086
5937
66902
59623
38285
58953
49692
5496
8852
13261
5952
43872
51808
2640
26224
32912
10857
43460
67908
47796
27497
6709
59231
14363
68584
64618
27816
51662
2587
43419
35943
63782
25451
59486
48626
3078
11618
30470
17404
8482
42724
54490
7598
39806
28634
191
1530
24690
59335
47116
69167
37627
6414
36594
62253
46038
15051
35694
66323
69087
10075
16790
65089
39432
26681
13977
24808
6005
2647
63593
46959
42547
32035
20531
51763
66061
62767
47527
56193
31163
41742
2376
52559
42839
47481
36583
45767
63185
27226
29281
64731
4000
28242
33147
35991
29346
58829
62589
38286
66040
37572
69060
49430
49125
63322
23503
55093
54455
14455
44116
5892
12450
38317
60461
61663
16861
14981
35507
30024
45006
26026
2721
34458
28515
40098
17466
8813
30775
31726
17698
66212
35506
46295
24099
11594
58792
25548
60918
55274
14050
10576
34594
69084
23266
37006
28079
28704
44671
834
63788
56119
59232
18676
53920
15517
35481
12696
31925
40617
52786
36978
42662
49351
50912
7551
69725
55457
42580
26972
27626
10406
68201
59145
4531
13191
1825
65880
53150
31281
52777
56581
16183
18281
41404
5554
67208
53801
530
68217
50569
35650
48302
31778
60949
10201
60319
12977
55173
20102
38013
51310
26227
44336
67441
52565
20129
4532
67405
28193
11829
54124
21192
47572
53748
44403
5521
13266
58419
27556
57751
34505
56318
11617
4241
9750
32306
61977
29405
20561
2238
18090
17909
1399
36183
47575
24674
65796
7660
59334
15054
2577
29987
5294
18385
59321
54005
36271
50316
1772
5325
50436
37899
35546
23512
37638
55020
51823
54837
42912
57144
26303
50627
17077
31751
14271
24397
69450
1179
67967
60015
32589
3753
31127
55458
57477
22832
50834
67012
4358
22495
4680
50072
39205
47485
33754
33585
37881
19077
3562
60256
40279
30925
62203
62041
24177
7905
38983
4553
46958
19070
13627
26214
39163
69470
2978
10298
22327
66271
22103
37399
8965
44235
29328
29282
4136
32407
10759
38407
37162
15283
51183
55453
8043
17254
31895
69183
5264
7628
8101
1309
26453
42340
46911
25378
48238
51164
1157
12707
55717
29762
33626
8227
8339
40722
12143
28220
59861
62375
69035
24785
69430
58731
56961
9179
32034
50675
27241
54135
39783
30168
63787
66559
24341
54018
67390
26281
54391
26575
27735
12340
53979
30222
49178
45644
38406
39554
48584
29649
60738
30918
35317
52821
16210
43169
37242
35108
26016
14208
51640
19300
12602
68417
19729
34357
38251
25811
34962
22136
34208
66436
33372
64619
51566
24403
66903
46815
63958
4096
59704
54955
16671
30403
35942
19289
61787
25427
41761
48201
51203
27762
35849
63786
53946
44151
11572
14657
44073
41692
66110
66145
44584
9461
9748
22623
5215
42374
2693
57580
36020
6415
20071
59606
19509
62699
55902
52233
34071
48169
51730
24378
51052
59602
19033
22229
11971
1410
44530
2091
31749
59677
23868
5853
14372
22622
16283
5391
23522
38850
10402
9223
19429
3594
35509
64927
43929
30202
68641
42945
47833
52037
40319
26734
53453
25170
40585
42216
51372
58003
48732
24769
64845
31813
24458
55934
22493
41479
36034
859
24021
18034
50576
41696
39705
1091
27999
28280
54525
46554
18914
13051
45914
39335
55861
43387
8710
25224
50250
59346
30694
58639
58124
39874
60797
2952
69605
43391
38020
68359
67573
33903
33355
24670
62387
66503
2459
50746
31427
55715
13138
17931
2726
39299
65335
2729
31779
58817
47402
19431
67361
56693
69170
46395
2175
1383
34366
17844
66304
54153
6720
63873
52746
16412
56056
52950
55668
3823
64793
32154
47674
49755
21723
46360
11761
53189
47213
49041
30411
55618
6257
34886
31815
17801
38742
33825
36875
1652
42560
17925
43909
16576
15906
37172
7299
10027
7025
9683
63602
53726
4701
1115
27525
4619
13761
57334
59965
51034
50611
64926
3225
63663
25174
26660
15204
16872
56476
52069
33183
26353
45834
46901
19917
3591
7039
42999
50563
62694
2232
41702
25604
9561
2323
11453
59904
49819
14082
33102
44217
14225
13149
8782
11965
65003
3816
38041
17991
32427
18110
45439
4197
19796
43444
52189
13059
887
64840
27242
8226
18120
39304
35201
63212
19311
8474
20190
64218
634
30868
67827
49847
52770
25781
9268
59288
27537
37456
41444
63063
45835
30607
24189
24434
13734
28879
36474
46483
7605
58540
36924
6145
36321
46789
24172
40846
52513
47512
53703
58600
14191
1994
59314
37583
46720
51722
3346
60393
57342
1961
40367
25021
43176
50886
16978
2373
54938
19661
23871
46765
34876
45361
59080
63936
40102
39667
64122
6186
27719
55172
33700
35169
1153
1565
21014
56055
69175
1401
54337
13073
91
62947
5114
45077
53170
60014
30530
2992
23348
61583
4494
4814
28830
21220
19266
24193
64925
47881
7270
51875
5075
42381
30245
12366
36158
23676
9431
30387
12338
22393
1045
8643
67861
27179
35103
61753
1263
18550
51979
67452
59166
17116
37315
18339
10461
9313
63165
67387
56032
57098
23810
1850
3387
37340
65444
23231
35275
37546
17218
63669
21196
34070
34407
14846
40666
25068
24041
33101
8292
56567
26063
44690
49662
52872
5246
62178
15259
61674
9126
11056
43056
56168
65171
5299
39418
14855
41028
39295
15814
10401
27723
14903
5696
66988
33421
10416
57018
12031
34738
20562
46486
2397
33889
53048
295
5210
38920
31154
42687
41099
13394
19869
19710
63745
15188
52787
26733
19555
28153
50989
26456
13273
12549
44449
46571
30534
9029
6721
61560
15302
8064
8513
46577
35757
38988
34032
8352
45543
64690
51544
46701
67838
20678
45900
26352
25085
15659
59128
2287
31169
57949
25052
68031
27552
16759
3157
35606
24240
27052
56869
12065
68394
11792
41322
20565
67379
20439
68030
24787
38766
16038
28671
56590
42073
40436
58013
61617
49980
4479
28523
8904
45246
23828
30249
60844
57676
26631
42101
44082
58498
30529
50435
14070
3375
48105
66106
57390
63568
24443
62259
41121
38434
11666
11882
26175
65903
55150
49043
62693
27243
19567
1936
28982
1745
9832
17816
7716
51216
30204
55164
13252
63404
18180
41124
34628
42704
48620
51816
60952
55196
37820
18616
44536
60396
39012
3752
14476
69396
28468
17164
69452
34192
40220
11032
5996
19181
59100
54972
11188
2808
43824
23268
63121
29488
49540
45069
48552
65736
55684
25796
44556
62180
52256
63700
10012
57322
32070
16345
55542
69410
50610
5947
4171
50683
52004
64068
53957
39730
61451
42706
26887
44972
65525
7368
19381
20075
19273
28228
48739
54389
51415
37137
3810
29105
59210
17593
33173
55927
37117
61006
51122
64294
35961
24215
5556
40300
4748
19037
51606
60663
60177
14616
35607
12309
22625
49353
15633
48915
39294
36979
46890
6036
68482
10825
47138
56118
148
43671
16555
27821
23781
30493
23799
30395
21013
50146
4225
58120
22251
12931
64603
23858
41734
19332
68107
20957
9093
19675
10102
40861
5695
4099
61835
37256
6227
16347
50639
43873
11437
18087
49163
9257
58241
32087
66500
14854
17716
52670
15180
48208
41703
37757
43474
35693
29549
26017
65227
23929
42237
30995
38422
66996
3876
45254
44629
50626
17817
17322
53947
52214
68269
35248
58364
49329
27168
36820
5985
11467
53263
64666
7614
18191
30314
20255
58922
63361
58513
34611
51605
9248
23776
199
52099
10093
23332
37954
66007
61646
45544
63989
19023
28624
12497
68526
60373
10858
65707
7545
65791
64143
29986
4377
63812
8075
1105
624
10412
48341
49878
8374
42771
29930
2285
54154
65490
69604
42382
10242
57603
18409
1758
23610
60709
30127
2439
32264
64708
17271
62689
61059
20456
51723
65160
62495
23515
55555
9178
29694
57661
56352
51647
60657
17155
38366
17633
59799
3950
9086
13670
37184
45912
29512
39443
65759
36946
21290
17394
51690
39835
12765
67085
49678
6445
60247
37460
12894
30577
8389
58125
51698
52070
16434
5887
42383
51115
10722
69315
62274
20760
43837
50117
68456
37118
4682
4521
30703
9346
51018
32902
16958
51983
58630
31893
19841
27191
47707
29388
65832
15018
40862
49042
36116
8537
17317
23434
3465
65262
48188
58161
40955
45933
5267
26346
45605
22060
29668
15696
13824
36392
26106
64257
49845
6435
48190
15821
1471
23598
23857
68190
19842
52893
67270
18483
14367
13680
13613
31251
43499
57321
67481
37228
58514
63262
24306
11254
33886
53446
28877
36796
59428
47464
3096
26844
41212
65300
69320
12204
62980
68932
12668
3984
22032
38364
53368
50416
21105
49144
19008
20956
50892
45764
36540
20944
38956
36192
26805
50868
3372
33812
11232
25944
43864
12037
47504
9076
56564
9012
47768
7816
59036
42264
9116
31616
2540
25904
44120
54920
64156
33104
43712
68060
30544
52408
28728
38760
16828
50900
45400
18260
59728
31176
51664
35452
35200
10132
52120
56104
43060
10552
46868
27829
13240
51672
46120
66928
32628
8640
56004
4944
4792
20036
58504
35193
41728
14080
14081
29036
4644
57000
43464
55752
19632
33433
8989
46960
