32584
66560
14332
3392
43836
61016
22596
64168
61017
18444
51512
12092
14768
38668
43296
12152
3396
55916
56256
57645
5132
66204
52917
15100
19836
14769
52916
55776
47645
54372
42472
23732
332
37832
42873
43116
62016
3168
57224
15669
15670
51464
15671
28712
26632
36716
27356
56257
54373
52919
14920
50046
34300
18534
28287
32328
13197
11248
66140
43105
30567
43925
31096
57640
20924
43860
26633
51031
47844
22920
35457
26340
21124
24472
39533
66455
23270
17556
205
42739
68728
37737
29067
43033
64429
48162
1015
28116
24124
53941
37738
28286
64852
41892
54692
63624
48163
48528
8820
12808
37739
37056
53942
65672
21184
52465
66454
5289
67596
23271
5901
13125
50136
42492
67703
7388
22065
19284
62240
67721
12916
20384
18533
47708
34743
67720
64677
63816
52876
10172
13420
1014
17724
52918
66456
22066
42738
68966
66380
8332
22192
3579
51364
66468
49036
5900
68947
60192
61532
37833
7772
18760
2534
52566
39125
10572
55278
12537
8551
15211
22972
54374
441
24352
69373
20115
68836
48161
15209
10180
53940
52604
56916
27440
29272
53756
27172
44376
63356
37348
63296
61376
206
55279
66452
8184
33228
9294
25844
68946
42737
50647
16017
28430
48764
39021
50646
57253
9664
61575
60172
32683
24961
51384
13805
48836
54302
6221
44756
57955
56420
44184
19872
68837
51030
51465
62352
51856
27863
15210
41022
33366
9626
24709
28428
63949
46826
43691
59722
2535
68965
25047
25819
45860
71
66784
2057
20113
43227
65985
30804
53278
52464
42736
65987
50986
62938
6954
23436
54301
2533
40222
36958
31029
59115
14954
33367
19121
30072
56520
48160
53480
20668
54841
6795
69687
47274
65986
65550
21320
31528
6739
23182
16016
66141
3889
45940
6955
65869
8591
16018
28431
7528
25046
51399
36667
49608
47653
59723
3578
56850
42633
28285
4003
5572
57125
31961
65551
69399
6953
48837
56267
52176
58701
62937
67702
5358
8550
35054
43104
63756
11249
17495
30432
3756
43106
11856
54375
62248
57168
26634
35118
39129
28882
56351
2831
18535
42316
53481
53279
28472
35374
62667
19314
22591
55887
13483
13804
68828
24708
18700
61018
24858
35373
13198
19714
43690
57452
10121
54151
14929
24711
59318
52056
35119
54059
32468
19715
26075
56835
8590
54165
35631
14975
58075
13807
20175
34740
14140
18076
37057
34193
946
17494
53931
45899
16476
34741
3253
7783
60969
52618
13806
2830
40524
39356
207
29704
6223
13482
17620
61574
63276
49158
54166
41374
68324
40944
67998
9217
47646
65631
35629
16888
20269
51088
52619
61898
69007
57567
49012
56599
59670
54328
54300
27861
64596
55428
14974
17786
46827
36844
54058
23358
56521
56247
41684
55727
43107
62460
15591
57566
30697
46835
24585
50086
14143
50137
58903
31304
41373
442
4653
47654
66382
22740
35055
33568
17227
15157
20139
56894
45910
67497
52057
49597
49159
6313
5575
36933
32503
65441
44430
5573
35684
9886
48056
38122
59671
3429
63089
37058
13841
27486
50798
65442
2056
4952
52245
52228
57954
41375
65022
12671
9295
27862
6265
58072
17493
56155
31348
17789
2213
48577
67498
61765
52621
4329
22973
24614
69251
23359
3837
24857
47655
18667
18567
20114
54150
57877
26100
17524
5574
61718
40777
65033
49317
43716
48935
28429
42180
52612
69740
33164
48383
57953
13498
45593
1821
18286
60328
63689
51397
15457
65769
52246
46566
466
64464
45686
6222
1431
12153
6472
34747
45941
67999
6799
63090
21658
7968
54530
51398
50032
65440
465
35213
43926
56522
52567
44206
8660
32594
26398
50047
25356
53738
59669
44428
61573
53757
44429
48496
40644
24004
43927
21630
51091
64597
21447
54819
29286
58703
59721
2754
20268
18065
59776
41824
8334
49718
65049
55432
55779
67554
57733
42331
25570
45711
2755
53758
54842
61572
27487
43035
32780
56523
25341
45625
17118
69527
7377
8911
46195
28061
56201
7378
54071
54368
63647
3776
20271
53390
22604
46747
44511
58783
57475
51090
24613
4044
58073
39478
4654
47542
11754
50045
49822
32222
48985
34378
1752
40233
56753
594
25285
52620
45626
24615
4330
51511
65034
65868
69486
35227
37853
32558
48775
70
18403
24725
68964
32682
17492
38475
26589
11375
53739
5359
38485
1127
66383
39214
51218
64544
69485
32221
47909
41971
15152
60080
39477
22064
2117
18967
13843
42634
62939
19561
18532
30566
21445
17985
11229
46859
68954
40848
45627
3577
52702
33370
52623
19603
19151
15520
35588
54516
49872
33166
45849
27600
16479
33645
6474
41169
52952
36071
3499
11631
38261
18060
19472
12809
69250
50048
45898
60985
26074
41562
38262
22814
14461
69487
54818
18759
63679
7389
3430
54324
44562
18966
36326
58208
18566
33232
45897
13497
36173
46858
16235
45415
30563
52326
19790
22815
2753
49637
48934
45467
4331
33178
57796
3947
6427
52878
52466
16793
16255
7379
49319
6315
20192
44605
62055
32329
48987
8637
10431
25465
59021
66142
43700
30715
23235
30957
5282
1893
15158
66355
47911
34379
48774
27852
57711
57226
8909
2214
16707
53517
204
56754
36953
14
6794
38345
51532
56844
26564
31827
66739
8842
33082
46609
56945
50711
33369
30698
25297
57876
36052
56301
64523
20833
27171
28911
2421
34830
3498
6314
42821
67652
55789
55165
33081
60542
20558
31780
17226
13499
40525
25569
28117
40703
440
16649
32363
51089
13222
37415
66453
32595
52932
17119
3149
11755
15458
49318
65742
50139
18585
34742
51559
54430
38168
17987
27170
4743
15493
38095
26460
30719
12885
36070
48579
33646
3431
36687
10920
54241
35214
38347
41025
50186
16276
23965
9201
45679
60432
41561
50987
68063
1013
35596
16254
4101
6576
48986
15107
44165
25571
53147
17798
26525
951
4658
16237
21896
41970
68955
12412
56947
67705
22873
53573
21277
69376
34719
26635
12599
56596
56212
9887
15106
32667
945
1719
65984
341
66207
1086
63088
45840
27371
51551
23820
2562
37079
17075
19924
7376
29285
53736
45025
65405
18446
47906
40197
20270
15492
3150
43540
14587
14882
53968
11374
14883
29064
17787
64823
37591
69027
31349
33507
46194
67496
21569
19560
45231
17074
27099
13166
38533
50138
52830
21279
24710
18987
36080
59022
1933
51731
48984
37911
67198
55429
38875
5902
11011
59319
17784
10178
63757
68494
3708
54167
32502
6965
20789
8549
30022
51510
28606
36068
19500
64678
46322
53516
53033
5265
50127
21727
52569
33111
40999
65993
15588
23356
27296
42170
29287
59240
43007
53518
10802
47652
50850
53490
43756
10875
51680
53099
24719
13203
46820
19367
40647
13464
65378
59023
50142
44164
6353
57710
24075
18119
46567
36338
10999
31994
9050
2953
59270
32718
53539
15159
66264
27149
45911
18715
16903
1241
37715
67410
68565
45631
29538
14251
38346
46335
53277
16241
45460
50508
56597
24943
66747
48493
53814
3254
45024
39357
61767
42553
54431
17283
20847
29214
34831
49599
58264
9340
33230
54824
46705
38094
2956
5040
36339
22793
53737
16663
57474
14655
56834
43772
21557
43034
18402
7533
1835
53059
41387
7984
47055
43703
22689
50141
16311
51743
26591
9051
16279
68944
27336
59224
54180
53489
65050
15668
58486
18714
10182
39404
59316
2094
46193
59751
46348
16196
49416
41171
52231
2095
54743
32695
22896
9627
47644
25298
46323
12907
1242
10874
41021
68093
21476
31028
59415
64482
20409
31995
30017
51580
12137
1359
10769
32719
23691
11828
44634
68113
25299
65530
4103
37695
66463
39532
22935
24126
3833
58712
48721
44431
29273
28691
4673
65377
2805
10490
59241
68115
26590
30023
31907
54531
39403
69374
65035
47323
29500
68549
58890
32694
33364
335
6476
45165
54243
342
21278
52577
12670
15590
69652
44561
57791
6885
38313
45909
48903
20791
67775
49383
55582
39720
37264
8486
61403
50592
22934
7501
53936
64223
29536
54888
10824
14684
40853
62043
18064
36011
57815
42384
47910
41071
51509
26445
2563
53686
14654
29537
26647
59159
4608
69559
14542
25817
61717
63759
67555
40945
16961
1903
2357
7554
20174
59519
51550
64822
12660
36720
35630
49029
52753
38808
1087
42443
10491
13595
11679
44167
34843
25286
35977
18445
31659
19369
4867
58632
33080
13341
27126
49013
10573
50847
2857
57832
63583
27441
54255
64266
29494
20843
39127
40702
44039
54218
31030
55004
26861
21680
18965
10533
10489
8581
54694
16937
61122
11630
30791
57583
18955
66077
1647
68493
14711
329
7221
233
30870
27319
4272
30173
18066
37289
65376
35129
57170
26399
25153
61766
60081
56752
18028
35375
48839
46333
32680
16439
53056
56535
19884
57169
13968
39126
57607
63584
44938
53687
24006
49952
2422
14777
61121
27127
49949
50140
39131
18775
15589
11426
2851
11337
54889
42299
64084
33073
25585
1612
30611
8625
34726
63277
48838
10530
44900
20790
27318
64465
11677
25448
11906
27297
47764
53827
41283
43006
67090
41282
33186
68167
16816
10450
54736
50846
44937
34326
23357
37939
16278
66476
7688
11864
26461
2752
30172
30699
30790
29822
29963
33187
16960
28284
65203
49363
30018
63884
50126
36069
27872
49316
54566
47907
14586
45191
46821
45954
14710
34842
42823
25211
21666
21667
15622
30477
24995
58599
53491
49157
19536
52381
8926
8122
3324
62615
48001
69139
32252
63758
69143
1761
59724
64187
33822
26035
62911
30867
5283
12917
67788
69522
6466
49133
64522
4738
16700
3104
29991
50473
6790
30104
19678
10391
26073
56595
15621
41151
44510
27651
19299
56213
49965
49203
14699
8580
333
30958
66381
49146
7122
68300
13127
36627
64085
18415
11403
2785
20240
23395
10488
24495
46163
57606
47364
12886
43215
56833
33229
58239
58428
8799
38039
4659
49658
22974
1907
28205
16352
63948
58457
26397
7123
36895
44633
41090
10569
7075
8638
19464
55167
40938
44205
62060
40199
12598
7531
35978
24483
50985
63626
53391
61719
467
15013
56245
69558
62713
41149
25568
48271
16029
37910
69206
66459
19499
69044
52831
16455
55209
36408
7835
38403
45152
53995
58598
13376
12300
19437
57752
12402
45758
37623
36247
51219
64546
67804
5134
13638
38803
1078
26670
49890
49134
28279
52382
35808
66737
48382
38802
53538
3946
68495
11427
24321
64433
13506
38255
1243
53419
28727
1806
33506
7248
50799
51975
36009
68967
13342
60515
29066
2093
20194
18865
9218
16477
27140
33075
64359
67561
39133
5133
50039
35215
7917
38569
41386
13636
34325
22933
11103
42271
12364
28605
20387
27317
68852
48022
55968
41769
64439
24074
49181
66643
49145
53058
60107
9293
57641
3904
23735
43778
7512
13162
18226
20884
2035
35459
42219
37236
68290
16817
54217
6467
67563
64186
55653
18004
49275
59413
7385
13637
38571
41024
22696
24718
67102
37560
52282
28726
22503
15494
34327
49419
6797
7530
7534
55036
27232
43779
69135
39401
64287
23711
31098
33368
947
56946
24703
33143
63091
45955
51558
35337
50038
19563
66458
29284
30866
23394
8963
46455
16962
47779
38254
36010
29254
352
45154
3945
16087
33647
44659
8039
38253
23595
31826
63627
10774
54371
7170
54565
5317
65487
58209
49598
46188
30481
11678
66354
59432
51956
48091
25955
35458
11907
60755
18615
16987
4610
47271
64087
36708
44667
39124
8335
6320
25284
67100
18275
10801
4609
38363
16454
30305
11712
44456
53923
54843
59414
33583
54049
62671
58861
43665
37473
10534
11231
40506
32223
2611
4011
26526
50474
38123
63259
6087
54567
44939
29065
2607
38260
25845
3746
63733
13447
48639
48023
41168
42827
49947
42872
67103
27854
3235
24494
27703
26462
16478
52541
52632
40295
343
18475
35057
35435
60111
54742
26463
46987
7074
23921
62287
1906
59929
13651
59930
28142
29978
58430
27855
39931
5472
52316
58429
51778
8487
57642
52369
69395
25977
34400
53939
66746
55320
15685
54143
64679
3747
9919
29977
68259
43702
15330
12597
52602
50575
65163
41847
31121
37694
9646
5192
41969
31649
23734
65202
49031
52368
6088
21968
47419
55495
65561
37714
10449
69727
9292
69780
61546
8121
31097
19498
10568
65443
4397
2610
35221
52622
27583
2291
54335
18701
7139
15105
38038
37736
35147
33365
57534
12421
37477
41968
40505
62246
58210
18352
37059
49135
18473
5743
67091
40622
57535
40198
19094
36935
62047
17001
44543
27853
27935
64457
9647
42809
30967
61587
20385
11591
18986
8927
41231
53618
58702
49362
56893
36327
55430
23690
44385
21921
23689
11353
7987
23012
13202
12413
9099
55107
10497
21659
2092
51266
16839
2786
14776
36469
34677
29979
10789
35628
30079
20312
28604
65292
68537
42822
45443
49621
48689
15
60496
1603
10790
64265
42762
37474
96
20503
64197
24702
69781
46189
30871
30482
56244
39402
20391
57308
63672
56265
23221
32323
47322
63278
63199
51557
19791
61331
10324
28247
65473
1430
6798
21796
46299
46410
45155
21268
23899
21147
57193
43482
25466
30464
55052
67403
1820
4363
37655
31334
52371
8582
54564
37003
27730
544
18614
18225
18094
60543
57105
49681
64521
61439
50014
50851
38304
43701
14462
9625
21446
58888
61586
35681
50187
8490
65172
20390
50085
17543
61123
62993
36957
41991
14726
2261
63674
58902
32322
32321
56918
5124
46411
59269
1501
45572
47859
58661
57669
26527
10056
67655
55351
32429
50044
36563
50796
13124
63951
46332
26232
45730
13223
10057
5193
33215
52247
3683
54198
13377
58700
14904
55917
8583
14779
52603
59317
35585
26267
57790
10188
3582
28725
8910
45759
44052
61420
23196
59720
3811
45372
24895
41230
2700
27663
11347
43979
23291
27141
22267
37834
53765
47590
68843
13461
23400
32199
13199
45230
8123
6369
57994
57814
51267
60431
51681
54508
50490
1934
25258
54329
37479
57660
6344
12177
35146
2841
56122
69287
57878
24860
49377
18095
69816
24182
2058
4559
1249
34271
18666
22195
1935
10183
56488
1707
58266
31560
16309
13165
64320
59364
16659
68773
25155
49274
24446
56892
22076
17541
40996
64211
59246
10523
56356
40314
51974
64196
17259
67899
23546
14770
57798
66196
54253
65246
60583
515
10181
6160
45709
24005
1718
66738
52586
57171
56594
66390
35339
50100
24447
49030
59668
58895
12536
6345
57879
11010
65472
50891
47045
16175
35351
58423
29495
48199
3232
14465
10021
47923
63195
33072
36467
33205
49659
50050
57995
8579
52095
7072
50787
15166
43434
42034
55854
42263
28811
16655
60867
52281
45742
41943
36745
21629
8974
28533
3255
1012
45470
45741
43205
66647
60101
34841
60279
5826
36466
25481
29255
17875
53764
16779
65770
65255
6473
38420
49183
31279
65023
63950
24139
45816
65254
13568
17986
69580
44452
54405
58899
19055
39135
54148
15792
4742
1717
1776
49182
15271
65311
52860
11512
65531
971
24911
3479
52730
42332
61636
8548
28119
51023
3852
62046
22603
9733
68847
1051
38075
43658
41150
30828
2606
42035
47037
37935
47947
17192
20125
52478
7529
36626
7732
36954
24894
67101
11203
30806
46833
63527
13155
69547
50143
33839
50051
44842
52571
29571
41372
10189
27667
49723
44104
56064
22792
14314
62019
21349
3371
17225
54840
36625
28118
49449
29431
62018
14463
15686
63469
52763
6370
37294
6380
24412
64999
9874
33142
42925
33074
1779
43100
30296
50786
57646
6664
35591
54816
4861
46162
51365
44908
10390
36246
63970
59251
56917
38735
62969
22215
46361
46728
59271
10529
28437
15620
3771
35979
27223
22605
7296
49997
48263
7496
21477
22683
58187
37835
16174
30560
54817
54505
63815
49591
57532
34746
56944
37482
37669
57192
68992
21474
9413
52049
60331
18758
65288
57241
48099
20516
12154
8841
23269
19064
41072
29542
39215
35311
22565
65347
47905
33134
56722
6267
27482
11747
14973
67409
17193
2614
15731
63400
17525
21631
54242
13662
53759
57147
21146
16662
59575
14698
10535
52283
36955
10473
5036
61317
19998
42195
28278
57905
68058
1077
49715
350
52370
48381
32681
55368
19562
41777
68774
52953
25154
6371
42605
53459
41643
54852
7619
45167
55886
1762
5182
26127
60860
62355
59928
28902
61842
17791
30805
9732
46581
65743
49884
57797
24125
48798
17790
57249
30718
51103
56391
58508
39258
52708
42467
61019
13507
22174
6438
48578
24939
4001
11168
59756
56303
8763
29543
30227
16563
43117
29914
18378
39239
59837
57799
45307
22194
14034
39930
55397
38284
51396
65356
19713
65532
59518
19712
20799
36416
13378
24482
27706
38570
49618
29815
35586
27758
18401
60102
60110
25219
45166
57199
13067
30019
56598
49843
69142
67089
52868
12004
20504
17542
64579
68302
20488
45392
15505
68237
44166
8300
53619
9166
8714
51964
65994
50489
54435
10058
53311
13675
48497
28135
55755
66516
65000
31276
4808
61422
55726
4739
6926
68003
39273
52479
27076
42262
26126
8821
32847
53782
36328
60697
56039
2999
43226
58519
2071
22606
36222
47992
3803
5346
4008
33405
27174
48495
61545
45724
42924
19572
19524
49644
37668
27708
55088
49596
22672
27080
43225
39244
16072
57756
10612
64520
16060
5016
15744
2804
10420
69548
45740
44700
32308
12648
14388
56124
53824
33824
65501
38052
19816
41588
52048
22480
1648
40864
108
65500
3976
42368
2420
68500
23572
26048
21236
60012
39020
1940
36524
30732
8508
64388
65680
28912
59732
65628
45068
35260
66352
44072
62880
44068
28588
47044
51276
33644
3636
50000
24292
30956
66864
29964
26636
14672
65164
8908
17000
67512
31784
31788
51976
59268
11716
8872
49976
56588
31696
41652
11948
65406
53529
15420
24084
55037
41406
12138
18964
66003
67898
9219
44867
20193
9671
33785
21308
46808
11242
50921
59352
50003
63734
32471
50935
7918
20243
53855
32470
14543
37481
24468
27759
49823
64175
30226
54356
39350
23282
68301
6354
41884
54406
16943
48185
66964
54149
37435
25954
29539
56333
60122
41116
11402
56851
69495
46670
33997
47589
16706
4061
54617
44074
51290
56895
54434
45942
67196
31020
368
11776
19988
37412
67896
21772
24180
53928
45859
66260
31099
11243
24701
52827
24127
13936
19067
60236
63971
66002
26125
59881
57516
1085
31906
3586
13939
23021
14928
48677
2215
10574
41908
53826
65562
16572
28903
44606
20495
4668
12832
63230
61022
59708
63675
32631
31781
7863
68062
15359
488
13
44386
40728
61421
28143
53125
41678
62353
13365
12965
55667
8578
13902
28427
47490
9307
9415
27702
18763
16019
7919
20835
13842
48596
44207
40313
11715
60434
5078
37295
52935
25666
44029
14963
59777
65549
13215
62627
35584
21831
56357
7361
22243
18400
54758
6439
52475
5486
21829
4655
54051
68114
15167
59434
30078
8822
27098
65032
69068
52050
68061
52633
6063
6355
16562
64545
67479
3598
69069
39959
60745
56266
34436
49889
4928
30468
66852
20804
3020
20032
64272
29648
11484
16148
34780
12416
64772
12991
32303
16938
54185
4975
28506
29503
48186
67777
53098
61843
7386
50797
14590
33327
69508
2946
21055
30242
17014
16310
47543
29493
57457
29175
9516
3222
66461
61438
58485
68567
36571
60103
16573
45943
7073
60946
60754
28607
19647
31022
14653
33167
53565
67943
9738
27159
68379
65247
25538
21458
50600
53338
7862
55603
65310
61406
61051
4857
34018
25847
21459
13184
5948
49682
3071
19135
29716
67692
53057
62354
49950
57835
58388
26570
34583
6266
4866
15358
45471
50001
39358
4273
62775
64007
38632
42820
68298
12966
46138
27166
44075
53328
21818
43433
44487
33816
20078
53337
62898
22371
24513
40778
52703
10059
2561
52972
68666
66879
16597
542
45713
10866
42636
25723
42988
69347
22932
53555
18751
63727
12793
68378
35809
17540
49722
47122
31583
14591
30565
3325
13205
19150
44658
56143
49732
64998
32428
67723
12752
69557
42291
6487
63887
5195
21843
7861
5194
42808
17015
60433
55948
68777
1067
18685
25125
52578
54330
23087
25449
12649
65841
52978
15783
47921
66206
65296
29502
3868
49304
68386
1231
27950
19011
27196
19805
66517
334
15782
38154
59242
39090
32834
54445
6381
35223
9197
47394
16357
49951
45889
2783
2423
11714
56037
21657
26566
22038
43410
53935
25975
14899
57145
14392
25254
69379
25143
19923
55169
11201
10873
39677
12883
20007
18970
8962
3478
8143
69375
2452
55377
60698
23708
10520
65855
29599
16942
38159
14035
14979
15781
48187
13214
68303
6206
52887
46992
39715
40296
20195
33329
56067
64174
58435
60753
48198
38734
10787
34377
38037
23290
43659
49999
15197
40147
55321
54695
3170
42270
6600
31631
56679
30243
25973
59247
35575
1066
8639
50059
25752
29795
34834
49998
24320
32431
69466
53126
69207
20313
19941
28043
15354
35669
30306
4991
1076
59243
1697
34906
49619
48159
37075
14969
51127
44738
66457
55166
13575
47883
10791
58439
42425
25255
53537
61823
29435
62652
29501
16783
39091
14955
37839
68566
32846
24893
64861
9167
55529
68458
62774
31335
29934
57627
59435
63762
11098
28816
62994
49587
38939
6644
21161
52474
55834
23189
25290
11771
45153
8383
10378
9875
8224
8798
27157
36111
62255
22614
37622
46795
51265
47267
69546
16611
56243
27222
65355
17275
22607
37634
9645
47379
33998
27709
15643
27602
29430
58891
35053
60561
15974
38121
27666
29603
2775
31111
67774
56439
5285
36818
20401
39604
49382
40805
21311
13887
17148
45836
34334
39534
50002
5762
3835
5825
42555
24938
21973
48690
931
59524
54181
42787
12663
8975
62249
3500
14223
33926
27089
28207
27839
32539
46160
8823
69511
11507
44305
36441
56481
63969
59779
50849
30869
65407
1987
14622
22697
62183
32430
38669
8843
43343
12990
37838
37193
33838
3587
48505
950
11230
48307
52473
52587
13518
35683
47799
64252
68750
41026
62061
48092
42779
44378
26567
56891
6062
32091
67942
5639
18414
14369
52605
56543
27757
14315
33326
8661
68751
67887
36002
33562
13213
7171
2613
47946
27263
18607
30479
40145
591
54187
48158
7419
5380
16012
23281
27158
33192
61050
21665
52107
52471
46994
21795
4328
59055
27262
7827
13451
55766
22203
57006
5865
60387
28659
10788
5975
58846
39145
32610
53669
57643
58894
52511
44739
20818
65995
69298
26452
52235
32559
29915
31658
11487
24917
10515
32383
39975
33823
7223
14898
6426
29751
57629
7222
52229
16269
65629
48807
43449
29033
54179
46993
41326
3105
13362
27707
30070
28883
41524
49820
65657
69279
61193
10872
61170
730
46362
22886
7271
10020
48157
68509
37360
8220
60430
10385
30021
68457
24874
67197
25089
65533
8198
60866
65854
44666
67415
7818
63470
8960
48806
46610
9615
45931
46582
27603
45433
7699
41825
50037
20819
7140
24918
28623
5712
731
69417
60765
15014
38700
22067
67897
10389
28901
33406
3487
9095
37478
50057
11352
49714
54331
45731
39881
14222
60411
41211
64022
64023
28257
25359
42125
7603
42778
45306
53167
14171
2605
58463
61023
4002
34676
66353
3169
35567
23280
16010
22391
29034
32063
38873
46608
50399
17281
5763
46161
62254
12377
29933
64475
45865
17106
49180
8614
32413
8786
57533
49395
19397
20747
67508
60631
5701
35145
66966
67400
49824
17069
62669
58511
28362
68108
14891
53949
38171
46850
68166
57278
14123
4761
62773
33690
4987
40179
17785
1201
54369
41631
25974
5761
944
29181
30829
37459
27892
21519
23843
48720
54199
62181
14778
6451
16989
28363
23075
24586
52579
46834
56511
1500
30789
69419
14890
49361
10120
19323
44274
31306
58421
69351
2118
32935
17045
59523
49751
22255
24849
53969
45000
19227
19439
23223
47395
54407
55583
10451
1239
53127
55053
63885
15421
47774
15687
9759
35222
27050
17251
20386
33686
67324
2588
36411
19541
3163
52762
30831
51191
18011
34859
2947
11535
25009
42128
67223
1238
53533
40397
52380
58510
23739
12914
65475
34269
24481
69350
10122
39275
22566
25591
28281
47418
4020
53268
3405
42124
20862
2359
4607
6738
33687
8223
25209
66736
60410
3204
10770
16889
50475
13603
22003
36998
32177
52606
64547
7535
16574
60123
56001
4324
17224
12553
27251
10379
54737
45725
31720
18455
13361
1705
43291
26326
56390
27107
38534
68662
21583
33778
20242
44486
18423
46334
25358
47922
56350
64438
4102
61679
9049
15975
49639
57644
55628
46799
30183
49717
50515
6887
16654
25818
2119
49584
5681
17874
42529
48267
1706
14953
55210
38443
40699
56302
9779
12794
41325
27646
30182
29975
64286
27135
22175
14632
69434
35098
56921
47410
11354
33691
18067
40049
26101
5485
58259
64578
64795
19911
1571
38560
54971
24648
30307
5290
32460
65409
32609
44059
39190
1230
44275
16933
20985
62587
3834
62245
49750
47811
21473
2765
21570
22783
32198
62802
53685
48197
532
29351
21827
22502
42554
26880
48499
49378
49996
593
23710
66565
13639
11999
30365
24600
59114
46797
48494
47056
7502
52979
14743
9938
46585
50407
6481
39089
14723
11628
22213
14393
2358
13463
6379
15747
29726
59433
16935
65811
66238
970
3234
11099
17623
10448
19779
8925
64493
38487
25711
48691
46848
40398
13161
49749
19940
65313
35338
23274
52977
16859
41978
26563
69383
68928
52755
36443
43503
55767
3475
69418
68649
25058
32934
3659
56438
42600
13309
60386
58131
25846
30830
22613
23966
31662
8120
49585
65591
32382
23222
41362
42127
18498
22516
6159
52899
31811
33389
68661
53097
51839
39134
66462
31351
44186
18662
41459
18243
38702
24474
30568
7826
37277
33179
37278
59838
8576
50049
6486
8141
41303
45953
27031
14281
15534
59000
1435
1575
30261
34241
56690
1507
15309
37475
20241
20638
5717
10117
66626
592
65219
46006
55198
46630
52230
14395
51066
62637
3580
60435
52894
8626
30264
67972
7362
67701
40495
17621
54139
63639
32898
12662
24937
23246
35566
55969
40779
8142
53766
31273
32381
8961
53767
6165
15247
28438
27090
61385
1390
38093
58438
16931
27138
54502
62427
49983
32879
58074
66156
13462
921
11691
28071
29492
49799
16400
4054
68775
18613
16928
32110
63231
58582
49381
42126
68018
64184
62990
61683
61095
48283
33288
22337
40875
55704
16890
52613
69526
37267
39712
61588
3495
30224
37635
53442
44490
35997
28458
32899
25259
39707
16011
54799
41492
35750
22912
19366
2161
53783
3506
64947
51539
62426
54184
16253
41846
30004
14278
23785
50603
48204
5155
5030
19384
27874
56427
43290
57146
2105
32056
57847
44384
27951
58897
46192
22767
67638
38006
28459
15307
50491
41602
19189
42635
16929
28951
23275
49259
9711
38320
22299
46706
35682
4375
10803
23738
35456
51959
67382
54812
67846
10078
20227
20861
2251
41363
58883
63678
50113
22254
15507
60582
19438
16901
67819
64002
36031
28823
9778
16984
18882
874
36442
44383
29093
13901
40855
44319
12370
47681
10177
55697
42763
16270
16736
45469
37664
10176
26979
48002
31661
11241
20986
35350
52651
43289
45462
48375
46798
67706
62330
51859
68604
56794
42689
59070
55497
17104
37191
14640
54798
9672
65951
7494
26870
51857
47005
49448
32897
42462
65341
43689
9501
62915
32057
60970
56837
21788
62715
65297
39561
44597
22370
49724
25014
69416
61049
1573
12528
45373
58842
29098
46500
64853
13860
46995
12371
42940
48799
68895
55431
31213
54503
63690
65949
20226
14394
51367
12420
12946
29913
60329
53823
65053
33371
53641
61021
55170
11629
64458
28259
61484
28063
2356
43481
19253
27290
42427
56255
61623
18969
20863
48498
28258
9395
56181
68771
56162
42528
15880
58447
19645
6335
29749
6158
24493
5638
41409
32782
51508
50033
54350
41549
27701
52467
59113
45506
60947
9918
58458
54507
4100
12795
69435
14569
47775
3305
6089
32178
68459
49825
41693
36566
61960
6712
11340
14357
14771
15422
12915
21225
54063
60278
583
63297
9354
22474
44735
11287
7391
58459
46109
36235
14753
23190
15956
10532
36391
32580
59533
29823
18425
69686
54551
53822
40804
32327
37531
66205
34368
9355
5562
59001
59339
18950
56437
36465
52510
69020
51838
34641
52754
68939
28070
68291
50602
19066
63332
37878
6698
63886
54394
28331
58663
19646
64474
7495
5903
20403
40854
1358
5345
2511
5863
32191
22567
16930
16238
3151
10773
33635
25831
52398
25185
3497
13167
35711
58693
8045
14623
46796
54693
60971
7698
20746
21724
353
11867
24431
57937
4374
37906
14343
56242
11369
47337
13126
20411
349
9534
68156
64855
16625
1625
6115
35998
57127
32060
29976
48724
56836
39867
64741
57255
3966
58422
28676
35425
29099
68650
30231
51110
8615
40947
16277
20045
543
63631
66295
63154
13302
45315
14185
38440
25331
66239
27030
22673
37074
20031
25103
3838
53264
65474
2970
58455
68539
45710
36934
21171
32611
11341
69026
36709
8051
54362
4411
37455
16198
37265
10597
43207
42777
61099
55142
3599
30846
30551
53458
44563
10521
20173
3878
23437
44635
4408
58845
16154
49873
3473
65871
67597
25201
66726
33927
33235
10118
13569
52700
4883
34952
41694
875
1063
58813
57813
52204
1107
14881
49526
67521
11513
23863
36082
6727
33563
53609
15932
1615
51366
25718
62783
59490
35296
44737
15607
16271
68273
20494
37907
59544
31023
44405
68095
62039
10738
3474
9502
54219
56792
49842
11308
16730
19753
40146
53203
2510
25329
55696
33702
40773
47611
35047
62653
11768
51264
17361
21698
34521
23983
24455
41909
60767
2246
46534
36956
62670
67552
18377
6378
65379
34669
8912
19370
61316
67653
32166
19315
60699
55143
21215
21566
9758
41027
50112
57198
19149
67645
62727
28062
32954
48756
45594
2207
34243
67015
12033
38151
7829
60766
61510
66391
56009
66074
43479
4275
56890
35749
21145
65215
12403
53971
60414
48962
64870
56720
10864
52676
37936
35932
14664
50106
20834
35989
69209
50254
45535
48722
20015
54999
22782
5041
38344
18077
8266
443
10522
19539
29247
37633
34711
31110
67199
20137
49507
4657
47344
14968
58583
32715
31305
25600
18517
66294
47766
20149
8038
61086
20132
38479
12685
68538
54363
68770
21262
10602
11659
3123
34438
56691
62503
6846
5344
19851
18231
61199
68261
58431
7766
19415
2955
68838
13303
61402
6377
47765
58840
35999
41091
51291
53943
24428
42215
36059
15663
43978
62329
50255
38283
58763
36337
27815
64086
45743
45427
55599
9535
11200
53034
41527
27662
40645
38754
20408
27601
33561
13336
63691
41904
16934
28674
53441
44212
69059
66247
30077
52895
6491
14978
58662
64710
23861
28360
2806
20366
49622
59778
54998
55199
5417
38263
38874
45314
25324
61198
38169
4410
67493
57692
25694
41565
45518
59202
54529
43206
58694
5463
30696
21172
65616
36245
67646
54813
39883
4036
33159
35242
21263
30105
47778
30717
49028
12538
62501
9737
53620
63298
45850
23175
43263
39130
3672
10968
44379
34363
30478
25472
14431
55258
46857
20745
33233
32781
40407
1986
51156
7022
41711
60688
6397
64711
50015
48719
63684
69124
26719
32124
15495
61950
355
37909
16286
3042
59709
10634
33731
64169
683
2507
10446
56889
22875
12457
40526
3583
15423
4543
22172
19754
38353
20846
10603
51858
40765
67298
66627
28490
41771
47639
59839
28979
21187
58812
43777
59380
11908
34640
29847
48723
48398
66478
6715
19343
69783
27795
46565
66965
20449
42209
20314
66615
68851
14221
18063
5416
40764
64245
40946
68945
33168
64686
56694
47610
41214
146
17765
5949
31663
1807
29666
49147
24475
45426
27011
57726
8262
21678
19095
54361
31791
56123
3507
38482
32059
55833
43535
22214
31706
2506
10635
69562
35310
13517
7618
21369
57846
63247
13703
9987
49523
67297
48003
20867
66293
62611
17207
12159
33340
31582
32467
58059
1070
24512
32723
25722
12491
20072
63248
30847
48422
20056
66732
17514
813
23986
42463
1696
64185
68051
25969
32953
13649
26696
31901
4097
7053
22874
4409
20315
51258
36567
39821
36267
57727
23191
34710
37562
14931
18173
13334
35277
44657
44406
42042
58804
7055
3486
53267
11590
33810
37111
11658
28978
54254
49586
23839
61899
3233
57435
