12286
50676
5281
16156
37072
5431
28027
37031
58395
39849
47358
16031
54850
57064
43797
29567
52035
44759
39003
28975
40156
38591
42479
27593
9699
67753
6655
29710
30816
36373
5912
36558
7510
27946
58078
19755
1125
7853
55565
10091
51069
56515
8847
20054
27299
57209
51684
53626
54382
13387
61487
42615
66306
66123
63569
40606
34654
59935
4426
6950
3706
26947
16971
32622
6454
43122
16050
11951
52507
2203
12639
16383
38941
13694
1273
38622
48816
35499
50691
35515
22030
13386
58631
20356
38509
7899
21451
18677
36526
63367
54384
61821
10002
12307
11530
49672
31648
66837
60634
31359
4250
41810
43349
69048
67063
34512
33586
42573
1118
69217
40105
56830
57265
798
16954
52309
34789
50947
34187
58452
54897
26662
21826
61730
42246
4060
10398
12427
21858
36631
4877
1250
17934
60563
43318
53069
44350
21709
38319
27800
6434
28397
21750
53902
48166
20082
35824
3456
16028
31064
13508
38704
29540
11871
67061
33359
68008
31630
49488
29083
34768
9149
32161
8618
46844
59367
23509
43459
1858
9
52357
40667
24576
27714
60029
5323
2103
32373
40482
23635
41579
55071
64091
3828
30208
63152
40796
16800
1937
1524
61930
46676
52967
58742
23634
59681
38328
49032
38410
12713
34693
62429
9998
26070
10089
58785
54873
42946
57810
9456
46825
61498
6951
63200
29461
36125
25707
23714
1966
16899
58681
41485
4399
25693
28765
9643
5351
40152
19362
9795
29059
21189
21270
63419
21635
68652
19409
45512
9128
45799
69014
32360
38543
22925
60473
217
69453
64554
47203
8768
51958
28330
41836
67755
17914
58067
46033
14257
43200
49459
65921
9119
5751
26362
13872
69804
58719
50839
49583
10145
10900
15776
3588
27938
35442
17175
33483
57719
26115
60145
36210
53187
32997
6844
59611
4082
66004
49087
5430
13934
46121
17108
64776
69326
63805
33259
56086
58126
25402
36791
9698
61626
63865
45666
5506
33030
15886
46321
64019
65641
54421
53201
54996
23897
47622
59939
19708
37177
48589
6752
1478
11730
5399
61335
14582
906
699
11150
36219
43969
32995
49930
47276
53780
28711
15042
10662
32075
33176
69760
19579
66935
67625
29693
1004
34707
18565
57935
30080
48010
48469
44407
35514
43362
18396
49815
31586
26001
5754
10471
6106
36833
12807
43191
44018
5755
61465
17378
22840
69256
36364
46502
47969
32876
31722
59743
30813
38994
47015
43402
55168
5321
51358
25641
55174
47874
32302
19031
34169
3531
69774
24300
2468
60193
4335
67737
2063
8150
9991
19182
41902
27632
43355
46722
51306
49635
26777
1485
41426
45111
47210
18573
48673
58117
17087
34935
48461
21205
54289
1121
2193
65337
43761
21071
53012
51616
15089
69778
5355
21806
39521
723
38650
60606
4367
42154
14513
43319
64635
11742
12715
31293
12423
33703
21439
26273
18741
16013
9760
15196
50279
33708
16014
48287
33324
47017
11328
34816
42581
7211
30927
38030
10681
47763
58171
42208
43315
2447
39371
44042
46318
5354
7824
20731
2111
66619
11692
34899
21551
11035
7574
58175
6763
57263
11921
39475
44388
14052
13794
7786
20030
44070
69284
26120
60485
2966
23919
4826
47514
20251
67959
13293
28661
12682
12982
62100
60875
52527
68644
53236
37461
918
50971
41058
668
61388
44772
24064
20729
37966
57720
8669
54772
28329
45058
35010
47034
24794
63413
19157
38400
5441
64141
24461
5756
36496
35551
52269
25282
40287
9475
18834
46350
39213
31642
45185
15697
18523
40811
3750
59698
31935
53526
63008
63683
40957
14014
14183
36128
20294
31587
39922
56647
39843
17869
30449
55033
33536
4637
34585
8636
23586
7787
20358
68407
40489
16688
1618
28615
33571
41109
27396
27343
3720
62156
5020
1780
16108
44420
24040
49344
32347
558
31081
60955
46186
13543
1839
44618
17962
10745
57413
10411
26163
19347
27282
34815
36609
14004
66166
34352
27683
60059
63844
30435
7416
49315
31477
21271
10737
11008
152
9706
58006
8255
17158
52445
39168
60629
40522
52321
61688
21834
15970
23650
19489
18463
7013
1181
55005
47517
3625
3383
43798
21513
7584
18926
34478
28390
16714
39077
25537
16504
38198
51316
40468
7010
55447
50762
42891
20777
46069
49610
21267
24421
21807
41227
2480
57638
61378
48391
52942
110
13861
31550
60871
41505
17695
64203
16627
69645
19293
16450
57139
56158
21867
65653
20359
52583
34434
32507
30390
8959
48570
44078
65021
55569
33175
62831
27391
41926
54829
27465
56646
38244
32914
7109
43994
35867
12190
66940
52520
31357
11435
19103
35774
68491
18516
37677
48253
47521
16334
64773
28156
111
6287
3101
54887
62844
9298
32434
21106
55554
33193
33985
41001
12015
24010
53901
64761
69826
26785
59836
34514
49649
9141
45003
8885
38641
25827
10151
52904
56095
60047
65667
13877
1343
26738
46226
37800
43850
14021
48899
1492
17057
41596
12593
6259
45789
54283
41382
37741
18706
55025
59235
34371
29884
42976
19068
65988
20164
60735
7467
11729
13147
57999
37554
59418
36341
30603
12170
63732
35675
63455
64303
7882
10335
3179
46435
60621
9697
65607
37616
64994
30573
16257
60445
51143
39085
50312
54604
7627
67275
4368
24504
37301
33338
21582
42517
20347
44943
42895
14246
15328
47522
22691
30810
30933
17481
53162
38063
58946
51315
63014
38719
61301
19065
69371
33946
33815
23210
36087
61117
17201
51674
60741
45950
43817
36446
9788
6396
65264
14296
24256
37288
20322
10147
57282
68424
41140
66951
62634
51200
29885
60790
60361
66546
10985
45320
1857
16813
5383
51702
25894
58559
18123
19251
27597
24089
40455
31027
24497
44581
56290
58802
41254
60301
403
12171
16051
14997
55827
19363
46106
43314
12683
68335
55746
65370
44338
13942
13078
23195
1635
4990
15909
30842
5177
44987
37805
11499
52997
39531
47970
46703
57331
42395
60074
25726
49191
54266
19811
57258
24973
10453
60338
13054
10736
45445
65727
7670
66672
68357
36207
12262
10991
67294
57730
61467
26622
1730
55009
56571
55590
8470
49054
27478
33492
51379
48554
59067
8877
23061
61257
2362
53015
27515
27020
68713
63017
20778
16391
57540
59234
14909
18584
12805
505
47445
32244
56408
18479
54801
56728
56512
51726
11314
27078
68646
56094
35701
47127
57259
49703
26843
2557
25251
9278
16691
63435
64326
63407
52590
46005
14518
14210
10410
61921
177
1373
22748
47726
548
16133
56487
46211
54751
3066
2501
13129
46403
51261
8280
19982
22073
21381
52943
63338
54081
35247
67730
24203
5587
2338
6064
41681
59175
54039
14430
11432
17326
29122
56903
69663
35889
4864
7727
10354
6508
25333
36251
49614
40707
3751
51613
64255
20446
30055
56871
34975
49830
17854
13514
11926
61642
7207
16690
30811
47599
64591
56770
19669
57117
39147
18503
52794
43934
59583
29783
7504
40523
7341
55743
32487
59541
64179
35219
69221
11741
28358
18749
39841
34969
20851
36575
19531
49651
54925
50926
565
59627
38751
29210
14692
15885
12442
15412
1291
26069
55099
12999
38301
21639
34212
11329
63858
25442
18438
38031
26415
43386
49914
19709
62904
62434
10977
64366
62102
68718
67750
43859
64178
46367
21202
63966
14129
698
26931
43347
63113
15883
26169
919
11884
50719
66547
26984
13133
53186
11608
18769
40499
46418
14438
16090
28339
22635
21467
42550
57570
43679
51441
57057
59494
18862
52663
34974
59147
27414
51130
37238
18006
27252
26257
48063
11930
7231
68469
15399
20549
39582
51439
12913
10131
41832
48114
20619
57318
28855
69265
40218
27640
5711
35598
11325
18902
10133
4453
58806
48812
1477
59370
23103
58947
61822
38297
35986
63377
62420
31681
62957
62358
13212
66573
28677
37489
32074
50887
43128
47382
9271
64363
39435
39935
39409
28568
34984
31356
31495
51239
38408
21710
67366
29024
18815
69090
6533
15469
58170
59007
229
4523
21198
51435
60270
5415
38401
21382
12118
40298
50230
45780
4699
9143
58927
29491
31239
62827
57482
11719
61662
33198
33283
60707
48322
23575
53119
35177
15263
29367
60661
16982
43791
51673
7866
16116
36168
33333
12489
26543
37385
58407
63147
64898
20309
1029
39281
55227
66735
5845
23419
45459
25523
36595
57724
56093
3981
27390
64748
2502
48115
51138
20996
11054
42173
2106
1323
23120
5162
29982
57470
38182
61589
20942
15637
24506
37166
33495
40531
22341
64574
67133
65398
22700
5480
61356
61934
5821
34970
21495
28737
54830
39086
26923
2234
10486
25447
31059
6919
58358
47847
17200
62718
20200
3298
35427
40372
62430
61387
40905
9853
13033
29709
17627
41182
68270
49710
41788
14005
28573
60213
23094
23144
24511
56366
40759
19162
40913
12405
7658
57480
20210
13043
9208
68682
53696
40492
55354
65467
21478
6278
19581
344
56144
52908
9636
31156
8621
2718
19656
31971
63963
6202
35908
22842
32376
433
49489
21118
50094
1439
49711
195
49496
18538
22122
62553
69468
46931
60341
6714
174
54250
15006
4355
64755
58758
28455
2835
18664
4083
46075
56480
56763
29683
24279
22384
47307
48906
44942
3384
68236
63620
69611
41683
52934
62970
18122
57504
57411
61131
16107
65725
37742
20618
39293
44127
9121
55545
42534
51727
49271
18729
33672
3749
58055
18179
13542
45790
48922
4454
36123
11555
31459
42565
45532
31653
48249
34083
60131
7340
15454
35029
56087
44444
58404
31227
27445
20440
37342
12156
39910
35240
47694
47539
51703
40345
46050
19925
4972
7726
20951
51343
26663
41436
39530
67550
40547
50925
63806
20415
61807
52101
14044
11502
60912
45600
46196
53461
14910
59093
44417
17653
21930
42086
40555
17557
36830
60938
7499
26930
6409
20852
56422
66871
12517
64813
6007
48582
53705
18953
61716
8748
9404
24426
53178
26030
8443
21135
29902
22838
24058
12276
33898
50030
47891
42679
41347
9234
36603
22831
38925
21023
25406
26483
63106
47074
4745
38059
41621
31940
68568
60424
576
27334
34522
41682
23630
64923
45083
30649
10695
13862
10419
21649
54076
42949
4022
21166
15801
32493
29348
36112
57023
4921
4485
32246
62830
38190
57648
50334
59946
863
8846
39621
69765
64667
42253
36323
32775
46154
9989
64346
58967
64392
20252
61116
44654
35291
34934
12482
39141
25745
50095
65290
44539
43970
25967
16915
56771
49747
52609
63746
25515
51043
17876
50664
9139
25086
30555
13391
35807
26831
62846
7315
17936
63223
10509
41578
15224
25871
36036
37792
33108
42147
62431
23475
17919
27594
55008
61734
4182
24234
5938
16847
51137
33570
27805
8670
25911
16637
17650
15398
37497
39327
67754
29970
56493
24038
14625
56566
47913
22708
31651
12186
8693
58543
17371
38897
53813
6153
49853
48020
32572
51128
49852
35553
14075
66895
14135
39907
46819
38603
42919
62104
39719
16089
24358
41341
45818
30360
59410
28609
8774
14895
31511
35352
7103
20994
49249
11036
45114
62477
6516
60371
36662
20287
42070
10369
34020
42480
49652
35886
49719
20083
12851
33464
1467
16602
13911
36432
67951
38672
24254
47659
41535
4770
6120
39923
34005
19602
43917
13139
29442
56472
55711
16910
9829
9830
63312
43489
64648
3931
43369
50159
5171
10426
61817
63645
40552
35344
18556
35318
26403
55749
68883
1634
40178
63871
66265
58858
30516
53786
64774
12519
6107
68221
25971
65418
23451
56874
37690
17109
16766
11182
64231
49977
8181
9825
17712
27009
27109
16374
21694
40191
12850
40359
16005
4572
47875
13854
60358
65344
2067
46255
40261
48258
31821
4694
27206
24665
961
50875
29901
48110
35299
29897
25073
9990
43146
36894
27357
3067
68701
34586
30643
23046
42913
6127
41605
38757
9784
14480
24956
10911
54226
55303
45983
52263
3421
722
62641
20151
62719
27937
34125
36250
2435
60923
3910
42280
37216
65522
11696
60464
64696
11957
21757
46107
59893
32506
29803
56574
60017
55015
15190
44595
39950
35855
69538
53773
62825
7031
1520
20827
61201
7194
23025
22734
49207
51655
15266
24879
27673
31225
13728
53013
17616
19030
23310
24307
17110
60166
7757
29841
2589
41929
46330
66913
59287
26369
38377
43888
9786
48701
28736
15616
41690
20716
49011
46230
26143
60337
42087
48470
17059
50552
32811
45113
2290
263
57777
37807
56382
67407
48824
38305
53382
22031
28074
24275
47850
39374
60678
49099
34653
12957
36795
15750
60546
59085
19899
26029
6279
64561
40843
10579
24560
20318
58022
7913
69329
43274
66938
8506
31555
39794
36652
46019
1964
51247
58359
33446
27715
67559
5753
44290
46546
60632
68292
61508
17512
62826
37201
66901
18582
61343
18462
57075
58938
27406
20295
36621
66225
32450
11312
7016
26484
56325
59077
11823
68138
26661
23535
38989
61110
69218
14356
63329
30062
7582
7186
12433
37151
60703
36557
92
65286
9439
43385
39137
15062
11469
888
54978
32521
24998
64610
44003
27670
16447
61818
3903
26626
22558
57079
33489
9977
6683
62105
6079
22486
30035
1480
28981
61483
34850
4873
16322
34339
40143
31457
14437
55566
25252
24069
50180
51223
11330
68068
12806
29123
262
33342
63962
15775
42251
942
60574
58535
38329
45546
20213
54306
10409
36206
11323
37689
23417
38541
53893
55355
53469
131
45986
37009
30259
55083
42735
3595
13975
18520
42836
58471
23102
28083
38176
48294
41546
51985
19449
7914
68467
18930
18021
37447
52545
43086
17906
31844
43447
21207
23360
8180
17149
68697
11326
57444
50571
35358
61482
12101
14383
48622
23004
2704
34245
53895
45128
49136
30743
23967
7513
11187
53607
33282
8779
130
40248
31617
907
16146
45030
29771
36785
45738
48929
24715
23789
5242
47262
59087
5507
57277
5700
56328
43348
57240
68723
31203
25853
23163
61550
4353
48095
7138
66122
32916
34951
24174
58952
44265
4113
29859
23867
11331
24437
39581
13389
52884
50521
66790
31476
24423
41545
23121
14150
55505
45737
61395
67371
53307
62682
57931
65923
21174
54074
23139
30861
59761
14287
57099
5026
1784
35034
61183
49991
16639
8338
39187
62099
17239
30910
44766
45081
24246
58887
35211
17176
67851
30533
12002
12305
52438
13200
64594
58157
57269
43795
59064
22147
16914
21408
38028
48404
51533
359
7408
4539
12045
53495
56809
51967
61993
1146
35454
43646
33490
56137
43807
19171
8170
25278
1194
64152
20878
54846
15470
2327
48173
5766
32350
21668
32702
11149
46673
48679
26896
29477
3879
2385
40586
15244
17612
1602
53482
54614
30404
25826
7478
43208
57118
22422
3063
46264
45016
57290
38736
19402
14731
41000
12856
18437
18574
37202
54075
24199
407
12099
48706
69132
31041
2667
34667
34987
12044
46254
46934
43555
31205
2363
62527
12739
41718
57103
36697
30054
17426
61031
2489
7490
48928
42477
59402
19775
66607
63717
64415
61254
30983
27826
64322
47198
31546
53251
47576
55793
19047
38236
53238
31807
48851
11866
53183
50133
69401
13244
45668
28349
51971
51296
38991
26151
40453
56057
1711
23409
2235
31846
68250
7629
60517
42403
23214
29905
34771
68251
34635
7935
28499
36216
62983
38718
42796
62884
11193
24274
35710
30843
18646
5610
41717
66035
12383
61270
33558
36478
4747
7453
51135
54701
5930
24090
50621
19792
36845
15172
43316
56298
55857
44869
25235
36044
27079
33587
16501
26258
30977
46930
1737
11938
44962
7455
38061
12157
36203
52377
51846
22599
57819
33097
56021
30742
18653
32206
42927
25562
6410
6143
42803
66707
5586
43196
35066
35323
2303
69363
47096
43975
66494
56160
68005
34515
16494
33649
60137
39324
43379
19523
67958
5414
40758
64162
19731
53876
54121
54202
54800
9135
3963
4222
61517
17370
3686
21414
43257
28575
35106
60041
66213
18702
60133
16665
68959
61330
10919
3306
33025
209
16843
12362
18026
52687
27649
6078
51249
3547
18022
9944
56541
7044
7134
50310
17823
14019
64775
42953
60905
31682
12606
3626
39225
47822
66266
64645
12434
31136
51112
33615
64958
25420
21950
34026
21355
16482
11870
55139
50951
32815
46910
36562
5913
25887
25947
10150
69089
68103
6703
58526
50121
66819
15754
18923
1403
56063
25034
43661
21556
11315
1738
4973
65733
57541
22045
26170
35765
2706
44446
38480
39474
8555
10427
37218
48298
36854
45887
3784
3062
24713
11019
66873
40081
21280
41743
54847
21430
9686
41547
36367
54658
14355
22275
17837
21742
19983
37203
16330
34723
9831
58279
67075
15465
31755
55300
65712
46108
43082
57214
16117
36451
35634
24357
5750
39434
5779
40230
10886
6203
50931
39186
24971
40501
33522
3909
14795
62576
67845
65845
18199
12055
15811
42401
41866
69354
56061
37937
27422
52933
14007
50881
44965
69136
60383
5612
47321
66921
6635
19060
26315
25988
67451
57223
68146
61640
1028
20461
36090
42930
52945
14535
22514
60921
48055
23646
4333
21695
65581
9122
31386
37522
3697
27827
62717
33047
63083
21273
28
20788
3576
57166
270
41340
36291
31478
49463
30335
57530
16130
26394
55087
59597
61271
42937
2751
45199
59665
24548
54797
25886
25833
41928
8848
63655
26153
50918
34254
46202
22594
14873
28788
37246
6016
69777
25003
12734
67865
12365
35741
42138
6317
30490
19422
52525
11769
52077
48024
20814
51038
24801
34349
58770
46309
28025
2361
26285
65358
22313
57779
21591
46224
33560
15547
65623
42402
13685
55977
29253
16240
48649
17706
63998
37215
67211
34004
201
53190
5482
37213
7498
32209
51653
56275
52699
41597
49589
20510
14151
20553
67422
40631
5961
34074
5542
19759
30488
7491
60035
57213
21801
57438
39082
30897
60493
39658
49979
42899
328
14749
66713
18530
14482
31354
40275
14311
31985
33670
20013
62520
50129
30041
24263
59851
65867
22992
28610
36115
63521
24522
1117
45082
41034
51828
42888
34255
26307
47347
53596
60816
34206
45821
65625
67074
33285
25294
49877
63701
35343
58975
701
23923
23922
1364
22349
21157
65434
58090
48686
24278
32465
21333
31047
43239
38670
5029
64932
59757
24562
60930
6245
56309
38800
685
47727
61081
53922
58371
66923
17853
27517
55417
47931
36638
63505
51762
23211
35550
59625
34205
11931
49603
7014
29573
57160
67035
54223
39398
29661
2934
36377
2457
26103
65622
15455
13751
27565
51710
46574
63037
65797
37764
16480
19089
60091
67058
1133
49702
45170
64313
20975
63313
10965
54244
21334
48751
44493
39803
35513
60625
36556
45178
16339
11603
5159
7262
19405
25332
63597
19654
1472
16894
44297
44299
40456
17569
42077
21609
17969
55870
18217
17409
26997
16093
33050
40641
9440
19553
17624
29712
39462
1579
67906
7228
7790
20730
34701
49650
36898
26845
30063
65170
26234
18581
57432
4334
17478
45921
19666
36054
44966
41257
18907
48581
57212
3785
15683
45893
31730
2152
21461
64735
10322
13146
32762
33209
34840
42583
44835
23682
56015
64066
21607
44069
33013
30911
51764
16147
5319
30955
27748
29992
5487
20871
7411
6571
16895
14612
16829
18910
31244
67287
62157
56467
58182
36259
45562
40280
61108
15525
25257
15394
47754
17961
14828
9601
26552
2406
6505
60167
28246
17519
9705
23311
69248
61916
45628
36532
8323
56175
42995
33447
59205
67095
39309
14938
15592
26821
45867
23393
10921
17252
24834
16033
10778
27959
19278
42522
38270
43799
19802
54962
38585
52449
30256
39437
2174
9523
9537
58518
23866
33331
32562
61523
69862
23803
31024
8570
50802
39221
24003
39257
34604
18660
59303
29322
68818
53141
9026
58735
44307
36038
57886
20822
64821
68849
69291
17939
22761
53894
52552
31130
28932
63136
40837
28085
11365
32195
10950
7127
22385
30252
15845
43320
56299
67165
29443
39399
1651
58185
31234
64565
33879
17643
44602
42710
67326
64799
58169
51113
17240
4853
39272
65967
60763
13335
58111
48174
9906
52086
48750
48553
6734
69425
28574
43466
33654
19927
61897
34681
4746
30650
38583
43993
69115
45502
52335
20130
9055
13699
986
25910
33938
32836
47332
21284
58276
35229
21462
24970
33666
34329
30762
52863
67417
9729
39445
446
30902
9411
64015
5110
23563
58027
52766
61643
31483
44141
66214
38280
12443
65604
38651
58734
18267
60605
13910
61102
66849
3147
48605
24413
11074
25215
1514
25475
32284
51946
9233
9371
42123
24233
47320
17651
9337
39375
46516
60095
12591
54469
3026
68102
54083
61226
34960
59587
7833
59850
31389
34185
27686
68117
13211
31444
10349
48462
27022
45496
27661
12641
29869
46626
69859
47634
4758
2386
66155
61379
53447
32451
67485
57096
59275
21882
27918
17425
7193
36885
22897
65351
26932
17713
68323
58807
63351
2123
68088
23614
47075
44620
60527
33918
19114
69019
18647
38759
35752
31026
32604
17212
50859
10779
234
15019
61854
50969
61706
61224
23642
43627
45457
18823
12884
52082
33834
12892
7287
7587
25279
59585
53455
61542
843
56329
42293
25699
47011
68314
38391
4455
61065
9010
66135
57514
38595
26291
23143
7403
10871
26657
51911
58278
54082
61909
56817
9491
32247
8972
25041
18355
33504
56575
47823
53707
11034
32950
35035
48575
41576
49552
22592
66677
8322
29145
16323
49314
55410
51170
909
10383
21618
63716
34175
8362
49439
51378
11472
22297
3128
37711
43878
2047
35837
31879
63847
16285
14253
32205
29960
60937
3870
31194
40649
46153
22410
68184
22537
53793
42582
29225
28095
5055
42511
21901
35253
60253
47439
69588
28785
7878
46667
43918
10381
57623
63918
62171
35441
43435
41319
17327
5877
7394
66662
44162
3770
7509
39212
22750
55859
10943
43894
10954
28467
64902
47944
62516
8355
27513
24255
61516
52795
37823
1626
27257
54880
22388
36388
29558
47633
3363
59078
17746
933
9204
39150
59424
47520
67918
56547
44210
6880
63061
23502
51342
35407
38602
6761
14982
18658
34532
50069
18443
45947
43963
61211
4127
55973
49290
35755
48237
42447
5905
44455
7241
29135
28389
56797
26499
34902
49548
10107
68116
40651
67251
5757
61363
58184
1792
20360
35911
39837
54786
6332
47557
67557
54259
9907
6645
60397
48295
20029
19695
58874
45585
2730
60545
18757
2793
16755
41208
53753
37147
7630
20622
24823
59191
58495
44231
57822
56091
1405
54907
59834
55935
18827
34673
62327
23686
25351
39166
12236
5969
41593
38630
20522
61499
49517
48644
32777
18571
17881
54775
46559
34111
2674
45833
47076
64903
5253
26607
8795
68823
6316
30964
11662
20306
67558
34367
35972
17453
51082
8617
35187
38201
39185
27219
35812
29042
56486
1129
56570
26739
17336
1649
38895
67992
58401
59357
63079
40500
69861
49247
35186
11861
4937
40628
13589
48574
18451
43583
21512
24268
60488
20815
2462
25713
5778
46664
20055
3131
10697
68957
68882
10130
16131
55353
69827
59854
27671
841
14207
65777
28454
10909
23278
9978
50017
14893
37001
16713
10589
33051
13435
67047
61547
63078
40521
64031
12675
53449
46806
54038
50520
16461
38893
65606
53680
62781
22058
62265
58110
61460
38913
32706
1519
31056
22593
30015
5893
7752
43223
48111
65233
47732
61816
7794
21300
29039
28094
38447
58115
27865
8857
43020
22359
24273
6056
30629
53514
13231
46169
9490
54898
48355
41306
66499
51753
68279
36447
13494
9734
69854
22236
54910
60674
39308
37357
68737
46387
445
31046
58746
10311
29223
12229
4021
35699
6570
43512
55877
32025
6395
14077
23449
19507
54346
21499
57804
11095
46790
30858
36159
67634
1493
55006
377
50339
45971
50858
40553
61230
7623
19622
20967
26395
52342
54828
7909
2266
68559
11598
57423
38839
48945
50363
49033
45739
65648
49179
58714
66673
48062
9235
8647
8254
49795
44532
7005
52414
48272
42256
52662
18911
66480
12836
15926
6393
5280
9163
51246
54981
66175
17673
846
56705
41329
36498
43608
16513
22634
19457
38514
22779
43763
67274
1305
23097
15369
41653
58406
49532
40838
37523
57926
59948
37116
35273
55871
56177
48746
40975
69150
3470
1586
16734
40469
23082
67635
27687
47475
64006
24319
62158
33334
35766
53492
52146
61107
18539
63857
50855
56312
59891
46807
69615
21770
35763
43571
69358
51060
68369
63772
32220
46536
23615
62480
50659
36591
65774
21194
40151
66327
6835
37167
57883
5710
3667
37963
66220
16495
23173
51612
33210
64189
61543
22333
64957
35530
14615
15553
34531
43
5045
2309
38491
638
61562
13686
66278
25645
5090
11046
29309
44137
36630
12777
24803
44002
23156
14018
66675
38594
10458
35802
43663
30913
9945
6422
35443
42595
38746
25982
279
20377
38091
52472
6071
29972
10709
14659
22822
43674
5565
29129
18359
22266
840
59782
435
36167
12219
33847
44215
59713
48076
15889
42194
10459
4092
8845
19408
35406
64235
38003
14759
58909
63229
43662
10557
41177
27207
69010
11623
68371
28501
55138
52078
35039
64382
53462
20330
55366
65920
19542
61464
38073
21661
24771
41317
69465
67277
39361
53237
44991
65315
5130
54249
12191
45675
25363
56048
34986
37900
16120
6744
13275
52476
36406
23045
26142
26308
16193
64983
69753
14911
67617
55282
18805
19682
29608
36151
46652
39363
54851
27177
59718
40136
35067
32135
37263
16623
29732
20156
58351
41841
23663
53532
60966
19025
17890
52960
49807
13981
53051
19485
68681
12714
22472
40713
21015
46400
13847
30600
9519
25842
21954
65118
67877
45665
49792
1795
51352
21521
67878
26583
67976
63010
6183
60034
67365
20463
31643
7921
32103
48834
11085
37051
31794
8899
62578
56807
63474
1741
11208
48437
12733
54192
17079
31453
24361
65455
19651
17439
35680
42889
48703
23095
56727
62458
34881
175
36114
17028
40953
6989
44114
54395
7128
68507
51803
28497
14517
57295
5777
18111
22129
44694
45394
52657
26799
14033
31909
56968
4386
7715
62762
25182
36927
55249
21119
2894
66152
44755
33543
45055
15642
60757
9299
19473
15947
17111
31338
1007
56737
15890
54497
44909
17055
18645
51007
35679
63472
65338
17709
7006
44418
39981
20551
18657
58930
38249
16950
25895
13598
2885
14327
67325
35651
8616
7593
18334
50622
44855
60900
48645
43666
34455
42310
45042
36689
22960
309
2750
18531
22710
31822
9515
25615
16329
38278
25829
57407
17174
36382
54
19726
20726
41580
47841
38451
65734
49771
22131
40974
9543
7910
46409
51799
62845
13566
58475
2377
48014
36977
57992
31904
69164
68161
48438
45179
11822
58919
45355
41842
22823
31233
36525
51201
16610
46204
65144
42701
60590
13909
3010
10042
1585
53797
56603
61666
51070
66663
17764
42551
30026
7454
11781
56277
15911
66599
17467
45848
6140
64414
50527
51228
20057
12217
61256
43893
26059
28167
143
6401
23114
52742
40991
18272
64859
6654
45875
10227
56471
684
44175
32477
23309
24997
67443
64135
48346
69456
5385
35671
4744
13253
69073
67787
19787
38542
57895
23294
7043
69220
43185
25669
13577
25637
55042
23043
37675
24030
19677
13931
32143
4945
30950
45359
53830
14894
769
44222
50663
18308
58747
44810
12119
51259
29619
29368
68071
8624
55318
2269
64058
14613
5846
34985
67527
62337
67271
20371
4119
48250
4316
7610
58350
25350
19034
47479
34330
22477
20541
43454
25648
8950
40176
31043
11176
37472
57323
34507
47724
35762
17441
52535
50155
28614
49908
50234
53763
2991
20307
21675
45822
20396
9588
22176
6756
25028
13484
10925
48373
53634
15053
32659
69403
45150
7300
35127
23283
29962
19824
830
7777
55765
39569
29424
63532
44954
27857
55848
49219
51202
12687
29326
53900
59626
14965
62005
3707
15929
33574
48971
12506
38995
553
37341
9867
53179
35859
20655
13659
22140
1367
58507
57769
38582
38992
66636
34286
45221
8234
40960
48920
60665
28502
4192
3406
7609
14382
65259
39786
44006
61481
2895
69794
40251
66649
67740
61012
20937
43147
1130
30782
43452
46855
58467
25825
69766
49518
9115
19009
61313
36231
68066
1578
33995
58470
10556
14525
10951
5993
63753
14843
34174
61274
28211
802
69152
69670
14531
1775
66258
42957
69024
27103
14115
7763
5151
280
7351
11689
58595
47814
26485
15546
10323
53554
60646
47474
48466
6802
30447
34164
38576
43854
34454
10282
49707
7962
54778
23500
45908
52920
61660
6628
14580
28868
22716
32380
67289
32405
27472
45097
6612
23501
57936
54956
26992
52356
2712
33272
32880
12932
35676
24992
28618
50572
14452
62348
48384
40164
62668
43548
46036
51689
3468
29680
17912
23112
61480
50836
20004
63128
60200
7096
23040
22996
68608
12232
4756
18332
7020
54456
26840
55804
6836
50708
39492
64972
14756
27364
51388
72
35256
37824
53992
47936
48856
40268
51436
24552
39184
25520
26804
49772
2800
57896
2796
51408
29416
49776
8500
27256
37836
59360
59516
21920
52164
15016
27104
51376
36252
53152
67280
52272
69820
60989
36249
34928
53984
33268
42542
10887
36014
910
34387
56278
22544
2739
4759
30915
62107
50007
68233
8098
13446
50303
64941
1274
26579
55658
40447
38835
35269
44820
541
13307
19035
41364
57582
24607
41051
35474
46627
47588
2713
37037
4391
28041
27519
12689
47515
38731
57136
19727
33705
8182
59047
23366
9826
27315
33605
31454
10328
11609
19865
45692
20343
22995
5203
17138
31069
20351
55897
58427
7911
13152
67327
54122
28184
38415
17479
3107
61090
19590
65091
39388
19056
40520
32145
58994
64140
28503
25452
16129
14006
24561
16698
10799
59678
48347
7492
59121
57357
11857
26276
13095
21241
26778
4817
31795
12718
32479
935
18903
63582
21936
25788
29379
18992
30491
54035
68903
50751
51174
34580
68698
58159
49867
24001
63898
26233
27532
44152
36984
34408
17828
32508
33508
5688
16392
47388
20329
49009
39515
842
68193
11944
49561
38450
4594
53019
33667
20840
51071
2219
62435
51601
25691
22877
59274
44958
54872
20933
977
39286
34702
47478
40265
14780
65339
54877
11638
28373
13381
53905
59103
38771
14716
5804
55883
8720
46924
33425
39503
12698
9027
18025
46974
45222
55731
45881
8306
69121
20859
53068
30033
51947
25099
44362
19730
20810
10613
44877
12867
32892
11492
46780
44016
59192
43816
3704
16525
56852
68727
184
33966
39056
68530
7464
17868
10272
56014
33045
40895
69074
35212
59714
26771
57848
40630
68464
30578
41877
31836
33924
16292
13375
35362
54307
10707
48527
57030
60732
19667
61549
18301
27909
12150
16727
17956
59546
60518
31070
20122
44200
18158
9528
43266
29205
8308
23666
67729
22283
46965
61109
41255
733
4506
46622
5560
5379
20567
61189
62064
64556
32155
9981
3127
35235
33546
10485
41957
21175
67771
9731
15035
11169
12380
66815
42702
24262
31928
69122
7994
4838
57968
59915
66174
10651
8139
33426
54929
62819
69858
8502
37050
13290
34849
57513
25797
8398
61443
10348
27725
67515
5986
19346
33809
1300
23030
52255
29357
36805
66749
51142
15910
65835
50690
50325
44372
17901
62407
66154
15748
55858
26079
33286
12485
3925
47353
68135
6455
51294
44237
25118
28593
2618
47689
33614
40629
66661
64126
41304
14145
21354
38100
20483
33789
59565
50582
66088
27211
2604
60265
19423
53185
63319
35695
11576
43744
46178
47715
2248
9377
6485
60695
46031
57158
50362
15953
54352
43919
8010
12899
79
3972
46555
16219
9687
12716
30747
21048
60652
23984
3800
69684
69576
7024
46232
34084
35768
456
49484
34896
1308
10260
476
2456
60040
2444
7372
17904
15208
66744
2316
33136
22624
61944
27132
11485
4356
18680
3888
44268
9884
18392
54176
61320
68040
21744
46349
18404
36016
14328
51012
28292
13448
28812
50460
55024
51013
46386
22144
14900
2568
14840
5816
13428
2296
37338
66025
4251
9279
6623
43292
27023
58039
38834
42373
60342
38717
18196
36435
59853
28325
65698
19208
19015
67210
13274
67590
63942
65486
13658
40059
14519
17237
47903
33653
52142
766
707
26135
65778
18459
17238
4976
47315
26737
47397
63365
18730
6551
35283
50682
18469
23538
48345
30855
27105
54086
47343
57011
6621
60686
11104
65007
42703
934
30053
48698
29315
28181
18993
61907
30043
23041
26158
24247
