69587
37991
47178
57005
7169
69571
30175
19134
30716
31068
68092
32171
36817
26131
41344
22202
21321
34695
39233
29824
16939
11213
32286
42982
45762
1378
56047
29251
37670
65432
15734
8386
36997
10179
69733
22242
52761
45468
1379
1005
3205
41686
4151
49623
25684
17046
21679
50713
47767
46851
27964
46611
57800
17953
62331
51682
69754
45595
15771
10289
39251
41327
66202
57867
44377
3132
59750
27173
44575
18881
26718
50013
64751
27443
25667
61511
47647
28663
49491
24430
17502
56163
6779
38563
45456
46233
25138
46794
29035
43076
54771
53299
37620
25551
16287
2780
39031
34487
7080
55632
57183
4652
17503
2914
28099
69586
39390
57866
69510
44955
55211
26571
49838
67714
34031
35677
50593
54509
64709
34448
27596
33857
69520
37344
57254
26129
9624
58035
2262
43911
24345
46159
1079
31218
10618
43342
61551
20058
15022
31790
69043
19398
58033
18954
14141
34413
33170
21819
46234
65950
57763
65123
56246
6847
25139
33171
5183
60051
38701
28017
50371
10355
35383
6927
40743
52898
17526
28950
31819
15311
25695
40610
7413
53207
7503
1419
1010
25330
6504
63354
9494
61949
9497
68289
66834
62897
12483
899
65651
45851
8261
60415
20997
59931
63299
21567
3339
53528
39144
67806
15639
55598
56793
13467
69824
65768
33607
21510
64263
22545
53771
46535
16913
43788
43303
5619
15287
66001
26547
4774
24007
54215
12902
11411
42013
51926
46363
11858
43955
495
32167
65387
29871
59336
41932
41324
2532
47336
27143
15625
29750
44771
60330
59054
49638
56214
69545
67492
58695
2930
60521
50296
13363
52117
29918
53854
38170
31860
15471
62625
40748
1887
40312
109
45463
34712
4799
59010
31963
7092
22538
64132
64598
15246
56907
24435
1655
54433
53575
66183
34249
47411
57225
39479
7969
16838
31299
66182
17704
68057
25291
3338
29935
7828
19935
18143
6597
29845
57834
3304
31345
42218
65471
14342
56811
22155
36758
45864
68600
17889
9347
19224
66078
55039
30266
37349
15733
66794
29685
1570
33083
54321
24915
4349
38755
65386
47235
55386
36174
49427
30071
18663
48058
15331
65630
43341
63837
10447
42668
47887
52635
20217
67374
59749
41933
16778
67551
32348
62714
32352
58265
24960
50488
25200
66793
42426
40874
19295
8017
15015
69770
922
47275
23862
64743
12179
27150
32693
41081
29246
28734
8510
8387
7819
36058
147
44734
7963
61682
34412
63250
60174
37945
22289
27949
30082
26569
3122
29846
7331
63511
36565
52177
24984
49376
14851
9414
5347
37266
55141
36829
59405
10894
58186
16162
35117
52271
5462
34437
19575
35479
19371
26050
57871
1505
25217
37946
36564
63401
59902
891
27483
11764
68436
53484
65656
58552
11156
69042
49529
58102
8370
49231
65277
57781
11745
9719
33169
58091
54550
15735
56258
49783
67598
53265
26006
4059
67080
33158
27197
34019
66795
8050
16348
49380
11320
3237
18626
64222
52074
23155
2612
8491
41361
22687
52178
45258
23895
47273
16650
67542
55867
27167
44185
39030
60173
40782
62803
48029
38562
46793
51067
20123
67647
29598
32896
66835
57360
52836
61240
17515
53970
17107
60553
33728
31563
21351
62247
21895
39721
63877
15506
30487
36163
19154
65354
47417
45435
4057
49228
52750
26671
16827
28857
6175
53301
68613
28601
68987
65771
6167
58043
69569
63251
67818
9614
9835
20787
61087
49670
45729
44598
52751
68898
36759
66727
59338
36999
64459
2059
494
26130
55922
47638
69768
36030
13519
69566
55970
6526
40708
16173
1506
32058
13903
53310
12373
18605
3827
26862
7638
37073
42129
9014
10882
67803
14551
53032
42670
28007
16234
36221
34946
62818
11947
67014
14122
2971
51350
44731
7387
26692
9379
63726
37561
17282
29974
43534
16801
2807
12374
16239
39081
12178
47535
35198
55971
7735
19164
49273
64391
56199
2957
28707
5783
52211
22664
50058
18424
35243
60201
14665
4773
7023
69394
399
29350
16475
49194
1963
23442
12947
2892
17406
61980
20947
58962
44241
17763
49941
7335
23985
67847
12669
24643
66425
63646
65216
28107
3877
43742
22419
47544
16770
26119
41360
22418
46583
43743
54969
15939
5546
1513
16425
30225
45190
4058
1823
21974
46501
62391
40998
46564
35478
33404
67347
33407
67373
5782
19399
36683
40971
13173
11250
16887
14242
52617
59215
41054
5501
41070
56491
57939
38355
46476
39536
50222
39189
63876
13487
29429
23439
55921
33699
18951
354
26835
29213
69573
68678
18274
33156
3989
62636
44424
55378
437
6398
37105
2027
8157
55923
3824
65024
10331
43131
20987
66261
48954
26697
29274
54575
12882
5286
41767
44648
14887
67715
31817
60050
63249
64832
7330
24963
31623
58223
48057
47547
12385
29825
17501
39107
1009
14467
65078
39713
45838
64719
47749
23640
68659
39325
58553
53746
29936
23403
18142
10625
7594
68421
56010
64494
40234
51549
5181
17070
17287
16091
8495
9066
33821
3397
56489
44574
9427
47374
22824
52106
47391
19817
18351
815
65870
35382
59039
38351
18062
53206
29580
40403
60336
50514
15023
39535
31462
53747
13758
65055
4919
5674
28584
33089
41844
46444
23355
33231
64247
37476
8231
22825
51199
18376
69556
67553
39222
19225
13759
67562
17313
43739
20218
59337
20493
67722
44438
24183
22475
39538
4674
14443
59027
15306
54107
59871
3991
5260
44037
20557
64871
44733
23402
54444
6886
11998
23262
49758
33685
7834
37628
16902
25342
22531
3830
19908
36666
51708
3722
56490
54574
2766
57735
37588
21842
61174
14886
56011
54370
15021
21009
24954
56050
2915
22698
27142
67483
62500
19396
14243
64874
42826
15780
67411
13175
2974
40406
18431
5836
6925
24471
14850
7466
17614
57361
3905
43717
31962
11946
49258
60211
7295
14127
20559
53587
62409
55655
16731
14930
20946
37621
43723
44247
59009
65027
23245
69299
67375
61197
24527
57207
43954
52624
21541
57509
20219
53883
20006
2967
36619
351
45685
47067
37417
66009
11410
3090
54968
48828
22517
7576
48008
40775
53960
11991
20279
41170
31075
58961
44325
58581
21275
53007
44187
34194
36719
15406
61599
28641
7198
2230
23694
44665
7663
66640
60911
52829
3007
57908
62488
46903
21350
39223
13654
67773
42386
51407
44542
26776
25343
20291
10507
31905
5637
3393
50502
27134
35439
40883
47179
36057
32835
33289
30002
23695
41655
36417
2231
35795
35827
44949
21261
54325
49887
361
48688
56510
484
67694
28383
39315
56038
5316
23560
68258
52625
56045
61456
24260
22975
68050
15958
42454
65741
34439
12936
42269
18175
18643
38352
41385
33684
66223
3120
57801
54111
57725
33090
4207
65214
30865
2913
42367
20011
9869
28313
40454
9574
15655
13701
39926
57235
31903
65026
62473
52749
51021
18474
67494
15730
56406
12414
12415
51241
68227
67081
25953
47156
43039
28491
11350
31065
16138
9262
41648
12058
49521
55703
52383
28658
36570
36471
29939
22649
21053
27169
32176
47157
25930
48270
49781
24299
11043
33499
48275
25519
14241
8715
55567
45229
4595
14466
45753
48858
42290
27175
7197
53389
37864
67000
23593
24910
29027
3476
64431
25861
2931
38074
13912
398
8333
16771
16359
32833
46532
25218
63954
4656
3043
42825
12967
27825
27235
69393
24195
69242
67712
43883
18174
8752
67509
55532
31697
39539
11417
30818
58267
24353
44950
19287
16886
14323
28141
55323
56592
20278
44599
18687
1043
62410
35059
40774
34709
52946
39143
9864
69072
20277
17622
66233
28106
49226
39247
64946
57921
66718
32662
68422
39967
39634
68859
7329
12139
41710
1120
10747
12453
46863
68128
10290
68325
1847
45629
46753
12903
58847
10159
2458
11705
37127
49891
34755
29279
7515
10935
4561
42217
55517
60237
54014
37944
6924
27139
13343
4541
48399
67615
4993
6091
69574
50704
58138
40014
58554
1759
29820
26342
14913
10221
68677
7199
13746
47078
12387
66401
56202
10598
64483
61995
35157
50910
285
61119
3019
16371
26638
13663
30140
15270
46269
39255
24935
68311
38381
69341
61488
16139
33290
22609
24526
13886
67614
55645
27
68865
65278
8889
35804
66237
48480
47390
62662
41887
3802
56542
53929
68679
45404
61700
2247
423
20073
35829
59030
16598
11859
50619
56080
67654
49886
31352
7713
20722
15294
4274
23218
7294
32016
15295
27991
68886
48857
53427
55967
14341
31074
17199
63676
31805
21763
5827
9198
49671
68455
14501
33201
45832
68437
26274
11990
49716
21762
55530
41023
1763
65312
48388
48580
42416
3331
58389
20400
66089
51925
31825
29227
4150
33994
27234
15615
48830
64170
7643
10881
33541
9777
35520
12458
21759
30823
62390
65051
41675
35097
6264
30240
11690
7971
42366
33730
42429
55257
63198
63123
20402
30279
48423
31561
14340
39245
39622
61423
65650
26546
44762
13163
54303
13516
33519
69769
65308
27372
31463
41886
33767
514
42385
28735
39846
30559
67693
67679
43483
46024
52351
48442
17145
35751
46954
14322
67541
7970
8887
40921
37483
46875
37449
20302
54517
59517
3658
21791
2658
50368
12635
32299
65959
34937
65410
6530
53911
58555
4918
35825
37821
15981
36542
18010
67242
68986
45434
61738
53769
54891
53611
24850
8403
32338
22811
44831
19804
53891
25328
53361
22826
20410
22810
65618
53303
23438
18825
40223
21411
9718
31278
29174
30265
68350
67414
36470
32287
49885
34582
9402
47975
27128
42163
20707
47270
69349
31353
51211
39254
52626
10531
10545
26834
1704
55315
28818
30562
10739
53388
46955
24584
66198
33403
13601
7591
63735
25759
13174
35381
30010
53327
46531
44266
69467
49946
54349
3390
819
27305
13797
33634
31329
48829
46579
40350
8796
14842
24929
62389
24955
40400
9575
28921
63193
18499
52397
67600
65840
12
15535
58145
18846
63197
7943
64220
52837
21797
58635
4563
52350
27442
40866
67677
13604
9082
21511
19659
3616
59551
34694
66230
57782
21126
19466
62075
36842
27213
60025
17895
38551
50911
24981
28603
6566
59879
5119
64894
56332
40401
42483
31705
35847
37983
66119
40910
68522
13606
11370
50243
50532
61217
27077
36606
11318
39537
51669
46580
18627
64171
14719
10547
9493
45019
32099
58898
53622
13340
57647
45726
63155
54246
44267
8267
17727
37255
33887
3619
8855
15745
37042
60627
27481
15233
20706
49761
12938
18171
48450
11401
22138
67183
56551
13747
42906
10657
31902
40015
69601
52855
35096
10715
30364
54163
30297
3977
61311
8713
3967
52861
45465
49393
14621
10623
23260
29675
29937
44055
68009
35419
27731
4502
47945
6166
3505
53054
4882
25303
62074
590
63955
22666
65411
10704
49668
26763
19226
66504
24962
31491
47534
57766
62213
21725
69071
42471
23127
68272
68502
49735
9499
50587
31562
20063
67353
53485
6161
18864
22317
33234
62432
40235
29938
66587
60689
49775
24759
56154
64498
873
2842
29576
18940
57489
69211
4862
208
4562
27911
5145
66518
6114
59506
64623
51207
46529
66028
2973
20671
53204
64499
56008
69519
68027
30267
14442
55503
24059
66010
53534
46629
39253
62968
58221
65122
47339
47751
53825
17513
13674
6425
311
56035
8762
44131
1426
58633
9260
13186
45262
38550
8402
37450
3763
63879
25045
18555
19137
57922
30134
6812
64246
23731
41779
15523
46735
35981
10158
41279
14439
49472
287
1356
33163
63673
33015
62941
61677
48823
31219
43055
43297
14877
2958
22119
9939
55516
67886
34401
728
1886
60694
49760
69070
19096
59507
10113
9137
35565
65054
29660
49943
48006
6368
52982
45505
5034
3162
26985
49342
27665
33858
66197
551
68510
27306
13970
39191
50377
12032
13937
50890
2969
47968
62023
52728
18147
53843
44719
16802
19395
61168
13739
8515
49966
45717
59011
69798
56006
68499
45990
68262
22699
61283
55855
36799
69345
49503
24852
23022
40475
64430
19574
25467
60865
26978
68501
37418
40767
31547
19986
49774
2959
3831
27835
1645
4999
47730
25117
21361
57714
59478
69340
16593
51335
63510
52327
29434
48492
2283
4557
7771
57197
65213
49669
66443
21947
44382
60212
40315
31818
25012
14702
24578
50327
13602
49230
4903
57712
62899
53377
44373
43406
21914
117
69825
15155
60520
3853
17222
66259
44846
14722
68739
66479
10222
57559
52683
63751
51210
3403
35538
36130
53781
44453
62189
1574
28314
1377
9401
20136
37195
40402
11772
58281
28770
21371
2541
24161
68164
32955
28439
43214
14772
10883
32490
55885
63587
31449
197
49759
33551
10464
13971
69346
53608
41663
27910
48815
50549
67778
45930
41679
9403
31274
61191
31120
15269
61526
13938
23086
9310
57691
42335
28683
64587
10622
7054
21790
57839
55678
32432
19526
40997
10714
19467
59412
51295
41654
25879
3717
55369
63341
34242
69841
26669
52203
20133
7659
23261
24346
40781
9599
3906
25863
18866
67022
595
33874
4138
13091
54689
32298
63279
57993
26905
48795
22819
4994
5843
30131
45929
47338
37679
60489
22791
8319
29226
3307
45466
66719
20448
21518
53527
66229
29455
27413
44485
37194
33162
4763
21758
49664
52993
60381
35033
55434
56153
64497
8199
14507
4285
37106
18386
55371
11615
63750
6970
31275
41223
44951
28105
60792
9665
49341
49047
57115
69570
55240
4998
49229
52094
37159
13885
24387
53362
21054
51455
35785
20111
50503
11031
9259
39807
1071
67088
57252
15778
36996
60514
69397
16408
24912
63070
97
22241
58366
16059
67121
47637
66420
24875
50707
20090
15577
32243
59025
55
42171
330
8627
42613
40806
73
55433
39274
53938
63415
5143
59819
47416
22351
2538
25357
23842
61462
39714
21761
28858
62614
4722
49937
42981
10123
38619
56203
64750
45841
3370
18971
22694
35071
40561
55370
28097
6443
34411
66222
3005
26790
24871
3501
22651
32047
41709
25037
67699
52826
60227
25830
37290
42853
61085
13513
21455
28021
69668
40881
35590
20042
63122
55256
63850
36329
20935
69441
9164
47712
64938
53829
11027
39563
3135
7641
23898
42150
7506
52707
66178
53342
65081
9739
31261
67678
47158
1739
51102
42854
67155
62177
62182
68295
67299
19807
15835
69125
64835
42108
22534
6839
13702
24490
26202
66075
6090
55379
26994
22173
66307
30680
63775
53487
19165
59419
21226
53889
417
33119
32663
44271
24854
27363
25531
25793
53890
50550
31080
48228
41640
28368
58739
22318
14512
15407
45757
54970
30003
51445
62995
21454
57243
59155
12386
57765
49789
53271
46453
57923
64811
27740
36217
19377
24941
24454
30651
29026
68131
48306
41965
37015
58030
23323
22193
1962
44182
42922
69216
4351
52359
1332
12753
119
10371
52607
48451
34744
34051
46939
61951
11338
28505
62133
62491
43430
48995
26155
28305
26995
29826
66394
59586
48184
40865
22533
51322
43405
65830
50465
33390
50551
27901
3855
57938
55654
35293
43924
38616
43448
63823
12905
34642
38786
3826
7986
53842
34883
48035
14971
47459
58963
50712
58258
38578
14279
66127
69544
13969
11171
4741
21726
25878
41175
7791
43432
21472
1894
14798
21410
63143
491
28602
48342
58509
562
68387
6615
4501
1551
7803
27231
19294
35535
30963
27039
50087
15579
25510
7145
49721
10934
59534
9247
60531
10903
25327
68363
60106
51675
1932
57767
62644
15332
60252
42212
5092
10800
30069
27360
38896
20016
54380
11956
9375
66228
39246
47621
1727
14165
57920
15912
56715
3723
1391
19166
23607
43409
31277
53557
50710
58454
48992
21798
51242
26322
11713
43506
46938
30254
15521
54707
41343
11317
35537
15692
34220
50907
27924
67323
50840
59903
4542
58031
43505
48550
68663
67805
12945
19167
5103
18395
9130
29574
34851
69286
42430
64651
30278
13653
62991
54515
3907
43686
62490
7895
9666
49105
34617
32469
68287
5503
59500
65809
22757
6726
18764
32079
66011
56670
16474
64939
40995
5713
54466
1550
9598
23353
50232
63822
41215
21682
9105
53621
36809
99
42424
46864
21540
53899
28098
56231
11916
56215
20708
19486
21517
23024
29097
31230
17666
14179
18606
58483
38001
58711
42175
66177
5781
19427
53363
39966
52711
38577
45952
35438
49232
59353
47467
47036
67220
14121
54890
58390
32410
36843
36811
24807
44816
62584
42556
31350
50174
32240
46100
25038
41069
29426
45843
9394
59031
9297
41839
30962
44947
68239
16799
32630
32574
61400
26168
54963
3015
28450
61303
42761
51742
54746
23401
20972
16798
62610
63471
30486
24596
53157
26935
23023
63546
42151
15923
66179
55918
46530
29909
45649
48603
58634
33631
61298
19098
57784
43572
13673
56065
34118
30835
55835
24679
27038
7118
66806
30483
33091
64435
61027
32573
68573
68885
8797
47378
9498
56339
23188
52701
59026
5334
66519
18497
32913
65309
5335
8230
17144
40882
52974
58815
64198
53853
20750
67182
22794
49841
68026
2950
32253
53910
30045
31975
56198
49398
64882
47669
15790
41293
25210
31997
12401
4276
69171
37135
19679
31330
18896
10893
63267
45267
14878
54138
59501
20059
14744
61384
11900
26200
67372
28304
61401
31123
15310
68799
13187
49195
28442
47046
46110
63336
9841
62891
35826
35793
35070
13541
33759
62823
31231
54037
58851
19487
32263
46578
69782
1943
17562
47019
28361
16165
40504
4775
50548
3716
21565
63071
26659
45712
493
41618
26736
20138
9261
20556
24851
66157
10386
58987
26851
45727
14811
13825
24419
4721
3418
68782
56111
50378
6793
61749
37938
10659
556
13119
21923
39706
14703
22319
17667
44847
23807
56121
20586
36810
33729
59069
26907
39676
4350
4149
67154
47018
24386
21690
37575
50934
25567
9717
30959
28018
32090
3832
33121
26807
57665
7071
66159
6534
28859
46822
61598
28443
21059
3638
19850
64029
66199
44845
16762
3829
9937
53326
54706
59522
56499
31567
32324
43910
65563
53694
58446
68263
64495
30875
41210
21683
47234
10423
43685
12395
54741
38153
52975
48274
63544
38005
6200
48319
29560
46533
27582
66731
10496
22885
17595
69530
42468
61764
8256
49942
60651
45301
47827
63851
57191
63266
24399
41822
17041
52973
4902
15327
62227
8229
23902
16058
52543
38826
31611
23197
48566
57753
69370
33291
41782
45890
36624
559
50406
44441
5842
60454
68783
39203
40982
68111
69518
48449
56410
38558
59176
36834
54711
63994
69455
64390
53679
36180
20880
6399
7847
46953
38817
32255
61461
43771
11235
7081
41174
27362
31843
4819
31418
46430
28771
11927
8485
13895
35309
68158
1523
53197
4776
586
15684
18315
47189
28949
60897
5035
42242
68286
50953
49923
38785
38478
68130
378
63545
37423
54831
35434
54483
42669
20091
27814
1335
6286
49547
32095
3394
53821
41845
41548
22979
7135
53898
55259
21125
9035
49953
60347
43011
6742
54548
21010
26848
13115
49520
64551
21081
61096
60626
50706
49046
40983
23759
49234
51970
11843
5135
22665
30339
29620
60910
67082
21224
21578
31073
65763
9147
59766
44844
31419
27710
68772
53031
8509
37158
35539
36409
28022
13206
19538
9559
6376
64496
54740
25724
61318
2779
54498
67971
42466
44181
15887
18146
14414
39925
52838
55702
54320
29459
36754
27711
55602
3662
22200
53055
6522
31170
16651
3639
11383
10775
62591
55038
3428
65560
54033
23354
4487
63514
11009
18353
4571
11028
10923
30997
15959
56183
10546
35418
3854
5594
31899
16527
64961
11215
28489
62542
22050
30935
18447
39587
52853
67707
26969
13553
11431
44823
9503
43123
16302
15614
48868
24914
27756
42622
16891
13552
1011
23987
68712
39562
7015
14687
50423
67461
62743
68065
57667
35555
44246
13708
61098
63463
20507
19806
25721
55418
68768
42442
40744
57007
48502
23709
49193
18579
22563
64199
19233
46271
39586
10157
4611
20751
30166
67499
37110
29358
6539
28799
60198
61527
56044
66158
31585
15957
55126
50293
50510
7782
30370
52183
33999
62394
11429
39029
30999
60282
65576
31012
57363
4723
42950
3463
577
14848
29212
17878
48210
60782
23418
20365
51349
62045
52956
42268
27291
33701
36645
34708
22903
34560
31490
54410
16534
56795
50825
34495
67194
16528
58339
41910
34483
52365
26323
39639
18219
31741
64480
58814
13185
25008
53486
60898
14896
6098
4519
15922
17071
20043
33014
851
69047
3327
22271
60365
14168
28702
56897
16692
2250
10275
12634
68511
6961
9146
46228
7642
44865
55615
2609
24298
62785
4459
61737
44711
14209
61436
5443
50845
43875
28423
68297
54511
66424
64895
9007
22923
66031
11097
62054
40984
66130
30453
5655
12467
33118
55322
28023
37837
13648
23487
11851
50933
20225
291
61548
48994
14027
67439
13652
52542
55989
19910
1137
51668
39999
9165
34612
68827
59053
37866
3303
46988
57589
44693
32937
44130
53882
219
40747
63561
3326
26933
22884
41695
21480
58313
30299
7258
17807
286
27889
30298
67603
46431
8327
58130
9670
27615
28282
38559
12939
65476
32271
49874
24111
47728
19934
34921
20699
33012
64267
69572
27962
15088
28283
67627
16658
33110
11153
52850
25579
68831
5531
68498
7796
66030
50056
46817
46849
44742
11214
40250
37388
59765
67447
28534
35656
12210
4871
55853
47455
27439
41778
30648
53266
56671
59907
34414
15915
24631
36519
69148
20749
23325
32043
14359
41819
43942
42399
61942
15104
35771
50294
59161
18223
24611
5502
63761
38204
6531
15934
37630
348
9842
9426
46878
41803
49971
26049
1425
55225
25874
67776
39814
56142
56677
10422
18735
25013
52731
60250
44439
51337
18719
41203
23982
23058
37589
12176
15191
27676
45341
53343
6681
21902
56070
24758
55419
39523
59157
61558
18273
464
67979
5529
38618
41807
52202
20477
15859
44705
24919
15613
17407
69205
46507
49982
14178
41278
63547
52682
21516
17767
28179
43219
47201
53039
49106
25108
2343
28931
45716
22177
47729
35126
33123
42618
36618
59505
24491
39738
20099
23293
36943
29023
41277
63900
38561
52627
29182
58660
20212
54591
9447
62675
67687
27199
68621
47177
36755
38282
14868
56922
44183
63878
27198
9443
55390
36602
63995
53684
33619
9747
23936
1200
12016
24110
29457
49546
22059
59407
2940
54579
315
17115
40213
53745
27902
15982
28426
8895
31785
26139
50253
46111
54930
16429
50741
16967
9065
43699
36835
52616
60197
6031
18181
11025
67567
52210
36517
69800
54216
24181
59238
55675
3245
15602
43904
40746
8674
58929
67639
12407
58862
7187
68345
69563
53345
6625
32325
36819
12034
67977
2767
12822
18422
31650
17702
61282
34538
21370
57591
24055
22771
68633
52634
53426
38801
39169
68010
54759
6777
19
39391
20798
1646
17198
5818
43541
16874
11850
57833
53521
54933
63441
39343
19230
32270
39243
26341
33165
62971
56071
18642
66129
31753
9885
52008
65842
36177
24577
41885
16045
9517
30480
26987
7480
729
54827
43988
64153
13207
44170
3718
17803
13771
40783
16430
13242
18387
27459
66766
28016
39337
40766
29197
58561
39810
12003
62328
9195
13243
16794
33920
6483
45528
32241
43741
11400
58617
58484
68871
29835
34978
27151
19385
13783
13486
7514
44817
59196
64191
20017
18602
68039
62674
32361
41818
3839
59381
38483
67152
12017
3006
46715
19027
18439
42407
18968
6034
55651
6614
61847
10945
21008
26565
39140
35292
24429
23137
20502
23730
50538
44467
69045
2994
62616
55783
5079
14203
22453
2975
25750
44946
2470
39351
68165
63355
53918
22290
11029
34939
49617
4139
68605
50511
59491
18586
39560
47803
32541
61003
56676
25508
18601
54109
37842
29686
10620
30177
38477
15779
65544
63151
40745
25808
20202
59818
10599
51930
46967
14358
7232
60281
42417
19909
37122
31247
24650
69523
16431
50446
50537
55067
57409
19875
68749
25482
49094
57106
69655
16586
1294
10966
10138
5563
48421
49089
63499
38633
69654
29183
52054
68658
7414
38566
44551
50906
4307
30318
39675
49594
15739
21599
64042
59521
35814
17766
59803
52131
55055
19627
37043
15728
404
23981
30027
33711
7257
10587
67807
13485
2787
42514
33256
50248
50932
4560
21067
26475
41089
53852
47191
54110
16981
66993
40351
50184
319
29746
17703
22184
9325
52399
10930
8018
59532
33122
28187
29349
34938
58580
33710
16370
69749
54050
26891
38156
61826
23786
15746
58562
32094
61310
47159
20585
46921
67339
20443
19394
30380
64146
61328
65714
58222
42688
563
15818
45018
6558
58995
3850
21423
28477
47190
35561
2368
53156
20608
43431
30939
15149
39995
5033
29043
69168
69494
38565
27091
33671
31346
47578
54631
51209
36101
44721
4055
47882
4010
1163
57362
3485
22051
1295
28673
56838
53574
26199
4936
67978
20489
22913
30112
30011
16166
22186
38975
31657
16158
60512
533
65767
30262
52720
9046
54803
17286
62502
68797
54747
21243
28682
20999
814
54573
46187
25191
22921
31921
46190
29198
7546
66907
43557
39282
32498
47233
13770
35794
49768
65879
54562
35739
18309
17177
43218
19776
49748
41408
52995
38155
44825
61732
44555
52817
36751
24964
15831
55054
39237
46809
69694
63485
61166
53080
23117
36419
20094
64577
10771
18638
68157
27705
11270
29259
9311
27523
39171
23427
67151
41649
69755
47458
9034
18867
57806
30178
54482
38354
37107
31091
56950
27230
1822
65643
25190
16951
29032
68675
26612
69709
23063
24913
17405
5333
13591
13001
17195
12149
5500
21789
9943
44054
50468
8024
62992
3863
3990
15227
21699
40137
11416
39022
39106
40646
37433
50618
6382
65878
60276
59194
65545
5872
56614
45648
50183
51330
35477
19231
11506
37434
34493
19286
45715
43711
22918
58253
24630
64253
37595
33460
57783
8359
64575
56839
24707
397
53195
1042
11367
15511
11030
49791
45386
11474
799
42515
61681
41792
13700
18218
42543
39963
23957
24086
3942
65245
61432
22207
52706
25589
24551
46235
10223
29814
46755
4624
63
25643
44102
32629
57576
65766
64154
3460
69651
38022
41793
15451
38186
29647
98
42306
58034
69415
44442
57674
49595
11430
24853
11707
55777
27036
54932
741
57229
9669
45923
58349
11611
25717
49757
42874
45385
57739
60499
3527
37904
40623
39155
6357
11636
19229
54659
61748
40371
17099
14727
25483
2839
48993
49626
50573
60490
17146
32078
44221
21614
51190
3526
34112
44940
24550
30564
39574
12390
33016
69575
62559
42500
42410
16303
34519
16046
14187
60783
9673
60429
6334
2759
22476
39827
33581
1203
62065
45026
5013
68798
27480
35020
47505
25792
23463
1065
3773
10014
66957
19852
15444
27528
29672
49417
22004
64676
68440
32262
10527
20098
59226
20442
67354
51924
3091
45374
38077
49045
69046
31252
33027
6567
54629
23901
31759
22726
31246
43507
13480
14885
21487
2776
38674
41506
46966
43933
60359
26806
23956
10066
57156
7175
17447
58462
6204
5962
67380
34030
28134
16137
67857
53341
43217
43179
26699
22201
247
33498
66566
12539
24507
51670
53166
13915
20126
23174
49875
49733
57273
49773
24764
15603
1521
19481
57666
15441
61319
26253
47668
32750
9011
26852
65566
19987
41410
35363
32941
29011
58889
58146
28013
27939
60510
26788
43346
57195
51065
48339
7142
54247
17047
22473
55911
59634
44306
30241
15933
7507
28803
69735
4675
57194
15353
28451
28706
52514
48511
17260
43344
10149
34999
42148
34537
11914
20998
10067
22945
6705
67602
64283
32045
38227
6538
50167
10969
28031
30319
60690
8489
12823
33859
6778
2861
35831
58456
8358
6030
29458
29916
30181
48529
42530
5291
818
34964
63353
42234
66601
21066
11731
30174
56007
68855
54715
49713
14831
13571
5703
36671
35573
13450
64206
57094
31094
58960
43727
6157
30106
58262
26198
34662
21123
14624
26014
52551
43213
50369
45714
66783
16057
54411
62661
49734
46991
49579
21691
11096
63708
26007
36223
27261
23971
19942
22185
22917
55991
15165
11605
14415
57218
68676
67295
61082
20135
12411
61194
11534
61218
39
16966
56453
39572
63509
45017
68651
64834
11382
16587
52042
25822
49798
33899
19122
2028
22902
35028
32349
31095
34231
52570
49899
5077
56401
32127
56678
57715
23441
23545
40527
3585
67758
34333
55066
34123
38327
64585
6436
27081
69377
38643
60801
41770
41162
1778
54057
1726
5003
15475
49262
68674
15999
54347
10506
14725
11653
55127
48034
56399
14707
41222
51177
41795
2862
4248
60811
28920
60838
19234
52515
34099
63515
42951
47042
46739
16471
29359
10166
43922
25616
1914
5658
8079
60581
11063
44978
24892
30099
20627
36569
54351
39703
21922
26914
54475
67794
26412
19703
26423
42855
7733
41687
24977
55594
52477
44660
56005
17311
19313
64907
40813
59162
2778
65479
2519
42213
27802
41259
66531
51419
54731
51331
25657
22741
57227
3031
48182
57368
33959
60712
49095
52171
32946
40582
69214
25216
12874
57219
56931
53932
6230
16004
63149
44718
46191
4286
3549
69567
64833
7141
43258
21162
5850
18367
22946
37419
69445
1495
20441
58257
54757
37590
54590
47555
31328
27728
28194
22756
20802
45650
38494
22674
67759
18999
14970
44723
31492
19526
42051
63803
59227
36925
37678
21409
41954
34631
29899
11476
30133
44573
55597
22263
34223
45263
7590
12375
61503
55140
65439
68334
15442
41473
49261
12391
56421
36178
46429
10624
51263
9047
5207
69066
49590
6845
33923
55362
59379
51940
48016
49269
50823
68665
6599
60413
59504
38567
51637
34523
26279
65547
23059
62731
36227
9123
29856
51243
59391
43980
29427
45259
57590
42810
43198
48171
14054
67757
47983
37843
42651
10445
1138
68891
53143
43569
38797
38157
20487
45839
39023
5851
7811
37574
12285
66555
6363
13914
26954
24982
40850
58850
49837
28655
42470
10616
65340
14229
57178
41507
39811
37840
34616
11026
64838
9635
8810
59697
69311
54137
14847
50709
9127
67695
8628
60027
42103
11777
24363
52759
25747
1161
43407
10291
6537
47735
56335
26667
44661
19228
59479
43882
52355
56951
29665
10065
7942
36753
67968
56432
24978
66389
20454
29857
41662
8919
3461
45719
38323
33588
6387
25015
47489
67626
21598
26309
68586
42412
10173
56259
61590
4163
22253
63763
59527
59949
41488
31122
46631
12963
56896
7249
52063
28114
40111
7691
42941
12813
5490
523
33269
28585
36543
10867
49156
5662
60366
48510
33402
66530
12875
8435
39547
68691
43692
62294
27544
13609
24827
54811
30845
42955
3787
26936
10415
25133
3815
38484
63150
42811
50447
33811
20301
55873
26149
66841
44717
39154
975
58461
45553
66079
16376
13919
32491
40219
37648
36815
61437
10817
40574
64021
39626
58097
39088
61910
10929
46693
68159
33569
1069
8589
14305
39146
2863
56433
29646
30938
31984
17236
9612
50920
21127
62586
66575
45342
9715
50379
11409
67669
54612
68487
64221
17147
64839
50105
53564
57990
34431
35300
63498
38226
57189
5683
60759
54691
15502
5037
41366
66111
68914
39826
54730
14239
40202
9667
10139
8518
10018
52087
49107
40024
17665
10585
47607
46231
66692
41808
46952
40696
2850
8247
55380
6776
13605
16941
33766
35012
34551
42305
53354
19597
56066
57807
31859
36617
55815
32007
21122
43330
24354
36732
49235
15828
37254
15326
12921
67892
1068
30255
67817
11251
61525
67859
44050
26193
37190
48712
62922
2331
34650
68915
11524
14026
28382
65080
12102
55233
3502
31341
25114
60819
51699
34976
44853
50463
41437
13511
38673
18365
13465
21776
23960
10064
16160
26928
7256
4484
6008
25096
47260
31347
5031
6627
57309
26722
32006
61943
2371
10586
64869
62350
67601
32947
39702
53849
39627
42231
42149
11779
41838
49283
12814
30119
8511
2968
50295
20486
48102
22455
1139
30352
30998
66710
56430
68362
57626
56615
32157
6559
6383
55986
55990
14108
10926
24909
21421
7500
9291
19631
46506
60346
15031
63436
40790
56230
39882
36518
45959
10047
45687
48288
60100
51189
24355
19735
21422
42050
64873
61634
65939
18476
19190
8918
62214
47961
38843
68985
19692
20939
65810
51582
44051
48245
63335
58893
33431
55263
21163
15522
49282
47363
57383
35534
27763
18847
35702
61219
58531
17841
35270
41407
68601
27146
55559
61981
26051
3121
16159
14681
41117
35887
39179
45517
34922
2828
5899
34315
42355
33200
31489
50287
29705
14131
